17,098,246
9,984,670
9,572,900
9,525,067
8,515,767
7,692,024
3,287,263
2,780,400
2,724,900
2,381,740
2,345,410
2,210,583
43,098
1,399
2,166,086
2,149,690
1,964,375
1,904,556
1,861,484
1,759,540
1,648,000
1,565,000
1,285,220
1,284,000
1,267,000
1,246,700
1,240,000
1,219,912
1,197,411
1,127,127
1,098,580
1,030,700
1,001,450
945,087
923,768
912,050
825,418
803,940
801,590
780,580
756,950
752,614
678,500
675,417
647,500
637,657
622,984
619,745
603,628
600,370
587,040
580,367
527,970
514,000
504,781
488,100
475,440
462,840
449,964
447,400
446,550
437,072
406,750
390,580
377,835
357,021
342,000
337,030
329,750
329,560
324,220
322,460
312,685
309,500
301,230
300,000
283,560
274,200
269,190
267,667
245,857
243,610
241,550
238,540
238,391
236,800
214,970
207,600
198,500
196,190
185,180
181,035
176,220
163,610
163,270
147,570
147,181
143,100
131,940
129,494
121,320
120,540
118,480
112,620
112,090
111,370
110,910
109,886
108,890
103,000
98,480
93,030
92,300
88,267
2,247
91,188
88,361
86,600
83,858
82,880
78,867
78,201
72,740
71,273
69,701
65,611
65,201
64,589
56,785
56,542
51,129
51,100
48,845
48,730
47,000
45,339
41,526
193
960
42,679
41,210
36,120
35,980
33,843
32,545
30,355
29,800
28,748
28,450
28,051
27,834
27,750
26,990
26,338
25,333
22,966
22,000
21,040
20,253
18,270
17,820
17,363
14,874
13,940
13,812
12,200
11,437
11,300
10,990
10,908
10,452
9,250
5,770
5,128
4,033
2,860
2,586
2,170
1,860
1,001
754
748
717
702
692.7
665
620
455
468
458
442
430
389
340
316
300
261
181
160
61.2
26
21
1.95
0.44
