34
-2 5 6 -2 1 2 -10 -15 -19 18 -16 5 9 1 15 11 8 19 7 3 14 -2 11 -4 1 16 11 -7 0 -14 -16 -1 -5 -18 
2 0 -12 3 8 -5 -14 -6 6 11 3 -21 -21 -8 19 7 -8 5 7 -8 17 11 -19 5 3 -23 -7 -7 -3 -4 23 15 -22 11 
18 9 -20 -1 0 1 -14 9 4 -8 4 3 4 2 11 -8 3 -5 6 -17 -7 14 -6 2 -13 -14 16 7 -1 -14 3 -14 7 27 
-11 0 12 4 9 1 -23 -13 -17 -17 4 -2 -1 -11 8 14 5 2 -3 -15 -5 5 -4 15 1 4 23 4 0 10 -13 2 -17 20 
9 -11 -4 2 -8 7 -2 -10 5 -5 -18 11 14 -12 -7 -8 -3 -4 -18 -2 2 5 -2 4 10 -10 -6 7 4 11 -9 16 9 8 
1 6 -10 -14 9 -5 -6 -19 -34 12 11 1 1 13 -34 -5 2 6 14 -2 -2 -4 -5 -2 8 -7 0 -4 10 4 12 -13 -14 2 
-13 4 -5 22 12 7 15 -8 5 9 -5 0 -9 1 -9 -1 11 7 -7 -23 -6 5 9 10 -4 15 9 1 0 8 6 3 0 -4 
-10 9 -12 -4 -7 -4 -20 -11 2 -9 2 -11 -6 3 1 -8 8 11 1 -33 -7 -8 -1 6 -1 -16 -5 -15 -3 -3 0 5 17 -4 
7 -7 -2 9 8 -22 5 5 -8 15 8 -8 -10 -7 0 11 -5 -14 0 9 -10 2 -13 11 -1 -8 -15 14 2 -7 1 8 3 -7 
36 -8 22 -6 20 10 -14 -13 -13 10 -11 7 19 -8 5 9 24 -3 -4 -25 -7 15 11 -5 -5 10 5 1 3 -3 7 11 -11 -6 
29 9 9 2 -28 -10 17 7 4 -5 -3 23 -7 15 5 5 -6 23 12 -15 17 0 1 -2 2 -3 -6 3 -11 0 -1 -23 4 -3 
2 1 1 -13 0 7 12 7 15 6 -16 2 16 3 11 -18 -5 17 20 4 6 10 -9 -6 -2 -8 3 2 -2 17 -15 10 1 3 
12 -17 -21 -10 -6 10 -11 7 -5 -16 18 -1 4 -1 -13 -11 12 -14 0 0 -6 4 0 5 -8 3 7 17 1 -11 14 -9 -8 2 
-25 -20 4 22 -1 -16 0 -4 -5 7 -10 -20 11 -2 -4 10 5 4 -3 6 8 -9 12 1 -3 -11 -1 2 1 4 -2 -4 2 10 
-1 7 -14 1 3 3 -8 -15 14 2 4 3 5 5 -7 1 24 11 10 -4 -3 24 -4 -8 -1 -22 9 5 14 -5 7 -10 -8 8 
19 -5 17 -16 -8 -10 -3 -2 -2 -33 10 1 3 -7 -2 -10 2 0 -4 -9 -9 -1 6 -9 -1 -15 -3 -1 1 3 -11 15 -8 4 
10 -8 -4 11 -3 12 -12 -1 -5 -4 3 0 3 7 9 -16 -28 4 -1 19 8 -6 -7 -2 1 12 -23 -16 15 -9 -20 -4 5 3 
-7 5 -14 -1 -19 -26 -4 9 -11 -12 1 -4 7 0 9 -11 12 -5 8 3 -10 -18 -11 -2 -7 -5 2 16 4 9 -4 4 -12 -6 
22 -4 -11 -9 -1 -19 -11 7 1 0 5 -7 -11 -9 -12 5 -6 -20 22 21 7 19 -14 8 1 9 -11 0 -1 0 0 21 9 13 
-6 19 16 -6 31 14 -9 5 -7 2 3 16 -10 -4 8 5 -2 2 -9 -4 18 -7 2 16 -18 7 6 -5 6 6 1 -9 -17 15 
-15 -9 -5 8 -2 9 -12 13 11 -15 1 19 14 -15 -3 -10 1 -15 1 7 3 8 7 -4 0 4 17 -11 -13 -12 -6 3 -6 -3 
6 2 13 2 11 14 -7 21 -8 3 21 9 -13 8 13 -2 -1 -13 5 19 -11 -28 -2 -2 -6 -1 8 9 -4 -5 -5 6 -16 13 
16 -10 10 6 -17 16 -6 26 1 -3 3 4 -15 6 7 -1 17 -23 -25 27 10 6 24 6 -1 2 13 -14 11 24 -1 0 11 -12 
15 6 11 24 -3 -4 7 15 19 -1 7 4 4 8 8 2 -3 5 -17 -6 -3 17 -4 9 -10 5 -2 -4 10 -19 2 -2 -13 9 
2 -3 -19 -14 3 1 31 14 20 2 28 4 -20 -14 1 -23 2 14 -7 16 -10 -4 -1 3 -2 -16 -9 11 -9 -11 11 18 -8 -6 
-15 -9 -10 -18 15 2 -1 -2 5 14 4 31 -3 -25 5 -9 23 -13 11 2 22 -28 0 7 -15 11 1 -14 -31 -10 -16 -14 -6 4 
-16 -10 -10 15 0 -17 4 4 9 -2 -8 5 -5 6 -1 -14 -17 12 5 20 -11 8 11 7 28 -10 9 7 -14 -6 13 9 -4 2 
-9 13 -1 3 8 5 0 -1 0 -1 -20 6 -2 -2 0 -15 -7 -2 12 9 4 -1 23 -18 13 0 1 3 -9 4 -1 12 -11 13 
2 -11 -6 3 -17 -5 17 12 -3 10 -3 -21 -12 -15 11 -8 -8 0 -12 12 7 9 15 6 11 -19 -1 -12 2 -4 29 -14 -1 1 
-10 5 3 -4 4 -22 4 -9 10 -9 8 -3 -5 5 5 5 5 -10 -11 -5 -5 -1 -14 16 4 2 -14 7 8 -8 9 3 -3 16 
-5 -17 -22 7 -14 8 5 3 -4 9 12 2 4 1 -9 12 -7 9 -5 -7 -18 -2 -8 -3 -2 -27 -7 2 5 3 -19 27 14 -20 
-1 -3 0 5 5 2 3 3 13 0 -4 -7 8 8 7 -14 -2 3 20 4 2 -11 -7 -16 23 -2 -2 -5 13 -15 12 -2 -2 1 
-10 1 -7 -2 -10 3 -5 4 22 -22 -9 10 0 -29 -12 12 -18 22 -10 -11 -10 4 25 -8 18 -6 4 5 36 -3 9 6 -8 5 
4 1 -11 -1 7 1 0 10 -19 -5 -5 14 -2 -5 -6 2 8 -15 10 11 -5 13 -3 11 -21 2 9 -15 -10 -5 1 -16 6 -14 
9 6 18 -8 7 1 4 -18 -4 1 -21 -2 12 13 20 -8 7 0 -10 1 16 -7 -1 -12 -3 6 1 -12 -5 -14 5 2 -6 -16 
-13 -11 1 -6 15 19 -5 -9 16 -2 1 14 -24 -3 2 1 -8 -1 5 -17 8 -5 -1 0 -1 6 19 -8 -7 13 -7 -11 0 -22 
5 26 -11 9 -15 -8 -1 8 -8 -14 4 -10 5 -12 -11 -22 4 -13 9 -9 -8 -14 -2 -15 -8 6 -7 -9 0 -15 8 13 -1 8 
23 -4 -22 1 2 -3 -10 12 -5 -10 -19 -5 16 5 -13 6 -20 -16 -19 1 -11 17 -4 -1 -10 -6 -16 7 -3 -1 27 20 -15 -1 
-13 -18 13 -3 -2 25 -16 -2 2 -11 12 1 9 7 9 2 2 -11 -1 7 13 -17 -1 -13 -1 -2 -9 -5 -11 -15 -5 -2 -5 -12 
-3 -17 -25 12 6 23 -4 -8 9 5 7 -3 -11 6 -1 -10 -15 0 -8 5 11 9 5 -28 10 7 8 1 -5 -12 -2 25 0 -1 
3 -3 -3 14 -4 1 -15 -14 -17 -2 -28 20 19 -1 -8 18 4 19 4 -6 -3 -4 -22 -8 -19 5 -5 20 6 -10 -5 -31 -2 -2 
-16 16 11 -9 -2 13 -9 10 -4 5 -12 0 12 5 -23 21 19 -15 0 -6 -8 -4 -9 25 -9 6 -8 -3 24 7 7 14 -10 -19 
11 -7 -6 -2 -7 -2 10 -8 12 -15 8 3 -20 -16 6 5 4 6 -23 1 3 4 -10 0 -5 14 -13 -12 -6 1 1 -3 3 7 
4 -11 -4 6 0 16 -2 -10 -3 6 9 17 12 -8 -6 11 2 -5 0 -26 -1 6 -33 -20 -3 6 -2 24 1 2 -10 -24 15 -12 
-20 5 10 14 16 9 7 11 -27 -11 1 -28 3 11 -8 15 9 9 4 10 12 -10 -4 2 -5 -7 -4 8 -16 -3 4 22 -11 0 
22 -16 4 -6 12 -3 -3 -5 -5 -2 -4 10 -14 6 -7 3 -2 -2 -5 -16 3 -11 -3 7 2 2 5 19 9 -11 -2 -16 -11 -4 
3 10 -3 -12 0 -10 3 15 -1 -5 1 3 -5 8 4 -15 26 9 5 -4 10 8 -3 3 12 -14 1 -4 -21 2 8 -23 1 14 
17 0 1 10 -21 -17 15 5 4 -11 -7 -13 6 11 12 5 6 21 -25 -9 -17 -5 -4 -5 -4 7 -16 7 4 4 7 5 3 3 
-7 7 -3 -18 -2 5 -1 11 -1 2 -5 19 -7 3 -4 6 10 -21 14 -4 -7 -3 4 -9 40 -7 -3 -14 14 16 -6 -15 17 -6 
-20 6 15 11 2 19 5 -12 7 -12 -1 -10 -18 22 9 -14 6 3 -18 -9 -8 19 19 -10 5 8 -17 -6 -22 15 11 9 -1 20 
29 1 9 -3 14 6 3 5 -1 4 0 1 -6 4 -24 -19 15 -6 16 10 28 -5 1 -11 -15 0 8 13 -12 14 8 -10 7 -6 
7 13 -4 -1 4 -7 -19 35 5 1 -3 -6 7 4 -2 -29 12 -16 -12 0 13 -5 16 -1 -7 0 -10 -5 -6 -12 -2 -1 8 11 
-14 1 1 -8 -6 -9 -2 19 21 -1 5 2 9 -1 -5 -5 -2 -3 5 -28 -4 -10 7 4 4 9 -2 -10 14 15 -24 25 8 7 
20 -12 14 13 6 29 3 -4 -2 -29 2 -8 16 -19 -8 -9 -3 3 15 7 -4 7 24 1 -2 1 16 4 -21 17 -5 -9 2 -12 
10 15 5 13 4 -14 4 4 6 -3 18 -2 -20 10 -4 6 -3 5 -4 13 -11 -7 -15 3 -10 -20 0 -16 -4 13 1 7 3 -18 
24 -1 -1 8 1 0 5 -6 6 -1 -2 -8 -18 -14 9 5 5 21 -1 -1 -15 -36 -15 17 15 11 10 12 3 7 -3 -9 16 -9 
-4 -6 -10 -2 6 -7 8 2 0 -4 -33 10 -13 -5 -28 -15 8 8 14 8 10 -4 9 -11 3 -19 7 -13 6 1 -12 11 19 -3 
-18 -3 -9 -8 -22 -5 5 15 -6 -20 19 -5 -2 8 -11 -4 -5 -1 -11 11 -11 1 -11 5 18 18 -7 -2 2 -9 3 -4 24 -14 
-5 18 -8 -26 14 9 13 -8 -15 -19 6 0 -2 16 2 8 -2 9 -13 0 -7 12 -16 9 9 10 -8 13 -4 5 -4 3 6 8 
10 9 7 6 9 11 -2 -23 -7 17 -11 1 -14 8 3 -8 3 2 24 20 25 1 -16 15 -11 0 3 1 -19 -4 10 -18 -17 -1 
-6 -1 -13 -11 10 -9 12 -15 1 12 8 0 2 -16 -15 2 -16 18 -3 -21 -13 -24 -11 -9 -24 12 0 -11 -15 14 16 11 -8 -6 
-8 -13 -13 -5 19 -22 -6 17 8 -3 -3 7 13 -5 23 -7 -13 -4 4 20 16 8 -4 4 8 8 0 -1 -19 7 -11 5 -21 7 
5 -4 -25 -27 5 18 1 8 -9 -1 1 9 0 -6 8 2 -12 24 11 3 2 5 3 -23 3 -4 -3 -4 3 -14 1 15 -11 5 
17 4 0 -15 -7 5 0 -2 25 7 -4 -24 -9 0 -9 -20 11 -3 -13 3 8 -17 2 -1 11 5 0 5 -12 -20 3 9 -14 -5 
6 8 -1 -2 4 5 4 2 11 -14 -18 5 -14 -4 6 -5 -7 8 -6 12 -14 8 13 -1 19 -27 -5 -3 -8 -2 -2 11 0 -38 
2 7 6 21 1 -15 -12 4 -2 -15 -14 -5 22 -14 -2 16 -7 -8 2 12 -7 7 4 -8 -10 -24 -12 -4 2 -2 -2 -13 -24 9 
8 -15 13 4 18 -3 10 -26 0 -6 -7 -26 3 -1 9 3 3 -9 -11 -7 13 3 7 -10 -14 14 -21 -5 -7 16 7 0 22 20 
1 6 5 0 -5 -7 -2 -2 16 5 10 -20 0 5 26 3 -19 4 3 -7 2 -2 -17 -28 2 11 8 -6 15 -3 18 -6 4 0 
779 595 875 812 61 965 793 430 811 246 808 889 657 709 932 432 684 785 680 784 462 171 592 333 614 131 182 911 962 225 213 766 239 578 
715 313 49 10 787 147 208 571 767 976 966 842 212 505 852 240 493 137 371 699 448 514 373 223 952 94 584 33 729 521 987 106 544 909 
126 295 957 103 757 860 441 863 993 539 99 528 480 234 574 678 722 666 705 682 149 421 229 220 771 985 416 108 402 143 586 257 330 559 
994 299 643 500 135 373 972 995 139 520 329 138 183 513 398 210 12 464 635 486 177 143 516 577 118 877 409 779 174 995 124 633 867 858 
642 183 887 938 367 594 972 655 462 798 461 725 779 257 519 154 831 987 276 938 228 111 637 390 740 274 637 310 404 233 907 452 392 681 
694 969 828 928 909 862 570 472 627 982 222 562 593 846 317 152 838 148 353 407 124 313 765 759 827 476 558 422 272 997 136 180 46 772 
533 617 657 977 214 171 15 489 101 805 664 552 778 829 757 642 856 419 974 950 864 469 130 198 535 441 606 714 157 35 71 981 414 300 
422 241 33 648 9 191 345 341 834 252 140 765 625 545 704 661 35 102 63 374 558 774 186 193 656 50 495 955 836 454 510 664 148 327 
402 884 759 248 417 48 44 328 911 190 204 57 137 688 877 425 587 689 995 407 245 397 672 32 645 412 215 99 986 648 38 713 855 161 
69 811 73 112 137 446 860 659 233 956 327 285 798 535 411 607 921 660 294 862 884 169 455 705 486 78 392 326 454 862 154 361 270 898 
532 605 705 228 586 728 423 414 500 25 378 923 444 418 783 194 181 371 501 140 470 273 815 732 284 677 882 687 278 263 672 725 835 119 
292 868 133 647 1 517 650 390 645 464 545 762 903 288 700 67 905 964 932 269 450 49 433 848 385 290 876 142 591 246 225 140 56 796 
875 333 886 625 289 260 182 87 60 414 984 397 301 764 867 202 916 666 262 233 51 505 214 92 614 548 972 737 384 786 349 124 303 151 
898 211 130 330 853 246 242 832 709 949 338 936 488 365 513 345 405 407 333 644 779 381 125 362 295 6 553 175 477 50 155 673 854 942 
672 419 655 906 403 407 78 826 960 593 680 391 310 71 499 984 388 978 639 448 839 922 625 570 940 154 302 285 922 387 714 315 550 235 
983 449 472 567 174 843 222 428 712 457 942 499 460 443 858 255 124 686 733 320 860 531 498 511 509 195 664 919 732 402 232 137 944 407 
967 959 124 498 867 96 557 969 306 402 557 532 549 670 549 382 378 957 329 77 992 609 50 859 145 877 17 92 648 351 755 715 225 166 
842 372 814 261 395 935 989 641 842 158 849 161 998 987 195 203 23 193 749 534 795 669 458 370 214 635 193 93 604 724 591 981 834 946 
551 443 829 540 210 482 343 804 263 747 174 141 654 297 115 193 952 631 753 39 666 227 501 456 281 936 203 212 795 498 17 458 574 89 
709 616 7 680 706 805 446 931 10 542 400 778 751 197 635 958 615 171 432 471 872 829 406 879 798 80 574 780 1000 547 752 427 750 65 
497 260 647 520 331 277 988 27 663 904 16 475 502 587 659 135 333 82 987 577 421 673 160 941 218 482 740 430 364 904 555 906 615 699 
507 318 532 83 764 210 364 939 127 28 179 668 33 476 798 890 38 900 776 208 534 249 45 572 555 612 907 755 986 605 815 87 695 438 
425 64 124 745 667 947 607 122 154 125 891 84 624 68 552 299 147 894 197 662 65 931 80 873 37 118 877 425 940 416 580 167 823 265 
696 609 985 940 773 645 18 155 261 684 479 813 380 807 310 280 768 908 244 563 867 707 825 365 826 851 351 809 184 133 437 838 646 34 
163 771 342 675 91 530 139 131 865 638 705 420 836 146 822 522 428 268 781 689 74 33 89 414 915 939 856 858 406 372 718 877 452 406 
166 518 297 767 368 739 245 871 47 802 543 656 791 639 501 310 322 817 424 563 136 36 543 301 424 315 561 202 743 860 796 459 401 941 
936 104 736 703 391 902 857 385 930 256 25 203 320 718 507 125 671 492 927 645 127 921 581 583 277 964 805 453 8 870 317 567 886 160 
239 514 326 270 163 778 252 302 870 61 158 798 718 16 226 359 309 405 894 840 798 990 560 244 76 372 580 554 353 311 764 106 404 628 
649 211 46 780 800 308 673 790 920 821 88 807 975 304 30 403 59 838 916 542 57 612 458 322 398 635 261 776 217 338 467 774 939 810 
554 114 763 611 83 415 962 319 435 573 977 17 40 64 72 559 757 289 781 700 713 4 623 142 346 518 704 914 799 943 272 959 439 514 
589 59 670 782 688 866 850 602 733 411 823 397 504 112 187 421 572 700 128 525 122 272 465 495 710 764 219 656 213 42 197 590 950 349 
114 661 133 240 998 838 704 177 797 985 762 251 421 588 384 969 261 489 722 666 543 923 918 358 186 764 80 132 488 445 339 729 892 822 
179 748 304 680 409 308 945 759 936 97 126 62 256 908 647 897 209 442 902 449 209 664 532 404 810 454 877 886 94 432 226 448 478 208 
345 623 122 890 741 340 744 430 657 226 431 417 516 906 112 155 190 676 800 776 471 584 776 44 216 209 924 973 805 495 126 83 469 845 
