53
-5 22 10 13 -8 -9 10 1 9 17 21 6 4 -28 24 -8 15 4 -18 -8 -27 16 -34 -14 2 -26 1 12 -11 -25 18 0 33 -30 26 -40 -39 -8 -4 -22 -6 -4 -25 1 -10 9 -22 2 -6 1 -32 -7 -20 
20 25 -10 25 -7 -6 8 -1 -33 11 -2 -11 -2 -5 -21 1 -21 2 4 -4 28 -13 -21 38 14 2 -3 -15 -11 -6 -14 -27 26 23 13 -40 4 -8 11 17 -14 -7 6 19 -35 0 -2 0 6 12 -27 17 -41 
-24 4 19 0 -2 12 -10 5 -17 13 -13 -26 -25 17 -8 -9 -11 14 -37 17 -7 8 22 -28 -2 11 2 12 16 -5 13 -8 -8 -4 -10 -4 8 26 4 -4 -12 -2 2 -4 22 -17 -14 9 10 10 1 4 11 
-44 -10 -26 -7 -40 -31 7 3 20 18 -7 1 -10 -35 13 7 -5 6 54 -9 12 -9 -10 -25 33 15 10 9 15 -26 -21 29 -6 5 12 -11 -21 -8 33 -9 -4 31 8 -36 -9 1 4 13 7 23 6 11 3 
-11 13 2 -24 -13 27 4 10 11 11 -4 1 25 30 6 -4 5 6 -1 10 4 8 14 -53 17 -27 -6 -1 23 37 14 22 5 -11 -12 -30 -18 9 35 -7 3 -19 -17 -5 -15 9 1 5 23 -13 -39 -32 -1 
-31 18 21 1 3 -19 1 34 17 14 0 -7 6 11 0 -19 -6 15 14 15 -24 -5 2 2 -9 -28 -17 -8 -9 -23 -1 14 2 10 30 -2 -23 5 18 13 19 9 40 12 -16 20 -8 -7 8 -5 -6 3 -6 
1 18 11 -7 2 -25 15 15 22 -13 -21 18 13 3 14 -22 -3 -3 -23 -10 4 -14 -22 -21 2 29 12 32 -13 1 6 5 -2 -16 -23 2 7 -17 8 5 36 21 12 16 -46 8 -11 -24 2 22 -9 10 22 
2 -8 16 -13 -13 -3 -4 1 -3 12 11 1 25 8 -17 1 -9 -16 2 -15 24 10 -11 -11 -21 -28 14 -16 1 -15 -8 -20 18 10 10 6 0 2 -17 -3 20 35 2 31 4 3 14 -5 4 16 -1 1 5 
-10 19 8 -5 9 -1 -13 0 7 -15 16 11 -11 18 7 2 -11 -4 9 5 -17 -19 33 8 -2 -30 5 0 25 -10 -8 9 -20 -4 15 16 -2 6 -26 31 -4 44 -5 28 21 -1 -19 27 15 -8 1 5 5 
2 28 14 1 -9 -12 -13 -22 8 -30 31 18 12 34 4 13 -3 12 -3 -19 24 -2 -5 3 -13 -16 -6 -15 7 17 -4 38 -12 -11 -9 2 -21 -1 8 -4 -21 -26 -14 23 -10 24 0 6 -35 11 -6 5 36 
-5 11 2 -4 -10 1 11 21 -22 31 5 -1 -7 8 19 11 3 24 -5 -17 -3 7 25 14 4 -5 2 -12 20 -4 -4 15 15 -18 -23 7 -41 -1 10 -3 2 1 1 14 -4 18 -25 -9 7 -10 -6 17 -13 
-8 31 -1 -2 12 23 -16 -11 15 6 -15 28 -19 8 -12 -1 -9 20 -21 3 28 37 9 -12 -12 12 -13 -38 -11 -8 19 3 -3 2 -15 24 -23 12 -15 8 -8 11 2 1 8 -11 10 -7 13 -1 -23 16 5 
12 -15 3 1 -4 16 12 16 -11 2 -21 15 16 13 -20 -48 15 -25 -3 -30 -25 30 -24 30 33 -14 -8 -17 -1 17 7 17 14 -8 -4 -42 -7 -7 16 15 16 -16 -12 17 22 -29 -14 5 10 -3 13 6 11 
37 5 10 5 -18 -18 13 -10 -2 -21 17 -14 5 -12 25 0 -12 -11 -5 17 -29 30 -23 24 -11 16 -21 -6 18 1 -2 24 -5 -6 59 9 -18 28 26 -4 -9 17 -14 -9 16 22 -11 -47 8 12 11 -41 -27 
-18 -17 3 4 -29 21 13 -2 15 -2 -41 -15 22 -6 -12 26 20 -3 22 22 -20 -13 1 23 37 0 -20 14 19 5 45 0 -13 2 -12 -19 -11 9 13 -13 1 9 -4 23 -50 6 -11 -18 26 2 -37 20 1 
4 36 -8 2 18 22 -39 -4 9 17 -45 16 8 28 6 10 -17 -25 -7 -8 -21 -10 25 -6 3 -5 41 -23 28 9 16 -15 12 -24 -11 -9 7 -14 -15 -15 6 -25 5 16 -15 18 -14 28 -23 25 35 20 14 
10 -24 17 17 17 0 -2 4 0 3 -7 -18 -14 -4 16 -8 18 -6 -6 1 10 -1 17 -26 -20 -23 8 15 -27 9 22 -12 -11 -2 -23 -17 -15 1 7 -20 -22 -10 23 2 23 12 18 -13 10 13 19 11 2 
19 -4 19 24 -27 23 5 -4 3 -4 -6 11 16 15 -14 38 6 5 -7 14 2 -29 3 17 13 2 8 2 20 -24 -7 -13 1 8 -4 -4 -22 7 4 15 -4 4 6 1 16 13 -6 -14 12 3 -23 4 38 
1 44 -1 25 -25 10 -8 7 -17 -1 2 20 -9 -22 10 12 -30 5 -12 -11 26 -27 -4 -16 -29 -31 7 21 8 1 -19 28 -6 -7 -4 0 7 3 6 -10 -22 -13 15 12 15 36 -27 -9 18 9 20 16 -8 
13 -5 7 15 -29 -13 -22 -26 14 -9 11 -4 13 19 0 33 17 -28 -7 -20 19 22 -23 9 -13 24 -11 13 31 -27 17 -16 -6 -12 -4 -2 -4 -4 -11 12 8 -5 -4 18 6 -17 6 -2 7 -9 -7 -10 0 
-18 -9 11 -12 -4 -13 30 54 18 19 -7 0 3 -21 -1 -16 -14 4 -4 -13 22 -17 23 19 19 -20 -3 32 0 -2 2 18 11 -13 19 8 1 -30 1 -41 -13 41 11 -47 15 11 -5 12 -6 4 3 3 1 
-22 -19 -7 32 -26 25 -13 12 19 -41 17 -33 -13 -8 1 45 6 0 -11 5 -6 12 -2 24 -8 13 -21 22 -14 1 20 23 -14 17 14 -7 -18 7 -19 -20 19 5 -8 0 21 16 22 27 22 10 -11 15 7 
9 1 -10 -4 23 19 9 9 3 30 -33 6 23 4 -5 -6 28 14 -8 -2 7 -20 -15 0 15 36 14 -18 -11 -1 2 -10 3 4 -8 9 -23 -8 15 9 -4 -17 13 -30 -5 24 -4 30 37 31 0 26 12 
0 -2 -5 9 38 -25 -1 -18 4 -11 1 -33 25 -6 16 -6 -19 0 -5 -5 19 36 36 14 42 20 4 19 4 -10 4 -16 3 23 10 1 38 15 23 -17 7 8 16 8 7 -14 3 -14 -9 -6 3 11 -17 
-5 -12 0 -12 13 12 -4 20 -26 -8 3 4 -26 1 12 -5 16 6 -4 1 -9 15 -23 13 -4 34 10 19 13 16 1 37 0 42 19 8 13 -1 -9 -33 -21 8 12 0 -6 2 -19 -13 14 -6 -12 -17 11 
18 15 -12 -15 3 -4 -4 7 18 -14 -25 -28 19 15 -8 -21 -2 35 -1 -1 13 8 22 -10 12 5 18 5 23 9 -11 16 -23 -12 -25 25 6 29 19 23 -9 -15 -9 16 -5 -15 6 -29 2 -6 13 -12 8 
17 -5 2 6 -14 -9 -3 3 24 47 8 -8 17 5 -3 -31 11 -22 4 -10 -11 33 0 15 23 11 -19 -20 -32 -11 18 2 -11 -8 -30 -4 0 -35 -11 1 -17 6 6 14 -2 -5 37 -21 9 16 -10 7 34 
11 6 -19 2 -34 -18 7 -9 17 -18 17 7 -15 13 4 -22 -21 -4 -10 -9 -31 6 -12 8 -6 11 -13 -12 3 7 7 8 -26 -20 -4 2 -17 2 20 16 8 -11 15 0 21 -34 20 -23 2 -12 -1 6 29 
2 11 -5 -1 22 4 -2 -39 -3 -2 9 -37 -27 22 -19 -7 -39 24 -31 -20 -3 7 11 12 -25 -20 9 -6 -2 -8 -6 14 -21 -6 -8 -7 2 9 -13 19 -25 0 -6 -15 8 11 13 5 -14 -12 26 -23 -28 
-15 -11 4 24 6 14 -3 14 -4 6 -4 19 -43 12 -4 -12 -12 -17 -10 -10 13 1 18 -4 -7 15 36 12 14 -7 1 -1 -13 -14 1 -30 -44 -1 1 12 4 -3 4 15 -4 11 0 4 -27 9 0 15 11 
25 10 -19 -2 13 3 -2 11 -3 -24 -1 -24 -1 -11 10 24 -19 6 -19 -12 4 -6 10 5 7 10 32 -16 7 16 -24 1 -11 -21 -11 14 -25 -5 10 -25 -8 18 44 1 -12 28 -21 -6 2 -7 5 0 13 
-10 -4 6 -21 2 -21 27 -22 21 -7 6 -19 -36 5 4 -24 30 -11 4 -3 24 9 10 -23 21 8 5 -18 -23 -28 1 -13 0 -8 1 18 13 -12 -6 -14 7 8 -2 20 -13 36 35 -24 -7 0 21 -2 25 
21 -8 -5 30 11 -21 -5 8 6 -21 -14 21 14 -2 19 8 -3 1 -28 -3 -6 18 -2 10 0 -25 -29 9 -19 -17 9 -19 -13 -16 -10 -7 -40 -3 20 -13 4 6 -29 4 -17 -13 -12 -37 -7 -13 -15 -21 -20 
0 2 18 -33 5 5 16 -36 -9 -20 -16 -20 10 -4 15 -5 -2 55 0 -2 -29 25 -26 1 6 12 -6 -1 -17 13 26 4 -27 14 -19 -35 -4 -13 5 30 11 18 -12 -1 -7 2 -26 -2 -5 -9 -2 -13 20 
1 -2 3 -7 22 10 25 -30 32 -5 63 14 21 32 -10 3 -11 46 -14 15 -14 15 7 3 -5 -18 11 -26 5 27 -7 6 -3 13 12 8 9 -23 3 13 -8 14 32 0 -15 -13 -1 -11 -10 4 -14 -2 -19 
10 9 13 -15 -7 -3 15 -4 -13 -2 -7 -5 -5 -16 -2 -7 16 -4 10 -1 -22 -2 29 1 -5 -7 -13 18 -37 -1 23 -19 6 -27 2 43 11 29 5 -7 -24 10 8 21 -13 -7 0 -20 -26 13 16 3 -14 
16 30 -10 -5 -19 -10 -8 16 -10 19 -2 2 -10 5 11 -10 14 34 4 -12 11 -3 -16 -14 20 2 24 -15 14 -3 -3 -8 -28 23 7 16 18 15 -11 -26 2 11 -15 -14 0 -21 9 36 26 3 -9 17 -3 
22 -17 25 -26 1 -15 -24 15 -13 23 -15 -26 -5 -5 -39 -1 -1 -12 23 0 -30 20 0 14 18 19 37 -32 -33 18 8 5 -27 -8 28 8 7 -2 7 -6 13 5 3 -12 19 -3 -6 3 3 -19 -15 -16 -12 
11 7 10 -14 -30 6 -5 36 -21 22 16 12 -5 -11 17 -8 1 11 0 -32 -33 1 -17 2 -8 -12 27 -2 11 -15 8 -4 0 -4 15 -14 -57 3 -1 -7 -22 16 13 -27 28 7 19 -26 -13 20 -14 5 -2 
1 -18 -18 6 7 -10 6 31 14 26 -9 -18 3 -13 -9 8 7 11 22 2 38 9 -1 12 1 27 29 -23 -25 -18 -22 23 40 10 15 5 22 -7 -28 14 14 5 -2 -2 -46 3 -21 -34 -29 -14 -48 -14 -4 
11 24 16 4 5 -4 -8 21 18 -14 0 -5 10 3 23 8 -8 14 21 -32 -10 -9 12 -1 -5 -16 -6 -4 3 -19 23 -17 -7 -14 3 -2 -43 -14 -7 1 7 14 11 11 8 -2 14 18 6 -3 15 8 0 
-7 -20 -1 -17 -10 -22 34 -18 -8 -16 -1 -9 -9 -35 18 -24 9 26 -24 -33 -17 20 8 39 -1 -4 15 -5 -33 5 -8 15 9 -1 -5 -38 30 4 7 34 -51 -24 -7 28 -7 24 -3 -13 -12 -28 2 13 10 
-18 -27 -38 -9 3 29 -14 -5 13 10 8 -2 -11 9 -8 15 10 36 -14 -24 -42 20 -17 19 17 -22 -27 -2 7 -21 -5 -18 32 -4 1 41 19 11 -28 11 -5 6 -10 -5 -1 -5 10 10 11 -2 25 -15 25 
-13 25 -7 3 -5 -23 0 3 -11 23 -18 -10 3 -2 19 21 -13 -12 -7 -11 1 6 -20 -6 27 39 24 -8 1 -25 0 19 9 16 21 -11 7 -17 -19 20 -2 2 1 -17 -8 6 2 -6 3 2 3 -13 -24 
8 23 -8 13 3 16 30 -3 15 -7 -48 -11 2 -1 3 -8 -15 2 4 26 -9 10 17 33 2 -7 -3 -19 -4 1 16 20 14 -20 4 -22 -12 1 -7 27 -13 -28 19 24 -9 -7 2 5 -22 -10 -4 -4 -24 
9 12 -18 16 9 -1 -18 28 0 -30 -4 -6 -21 -27 -13 -22 5 24 3 21 27 0 24 2 10 31 2 -32 16 -15 1 34 -9 -9 -10 11 -25 -15 -5 -3 -3 -9 -7 -36 11 -1 11 -1 -29 59 22 -28 9 
12 -1 -3 1 -7 -15 -2 -21 -3 -7 -2 9 5 20 -8 19 -7 23 -2 -6 3 -33 6 1 13 -14 -40 13 -4 11 -7 10 10 -8 8 4 -12 11 10 29 -2 -17 4 19 -39 -17 -12 32 1 -5 -4 0 20 
14 34 -3 -28 -8 11 -2 14 10 6 -1 19 15 24 -12 6 12 -3 14 11 29 -4 -20 5 5 -8 -17 -21 -3 11 -9 -7 14 44 -12 5 18 -8 -11 13 7 29 -3 11 -9 28 22 20 21 -27 22 -25 3 
8 -16 21 -6 31 -8 29 -9 -1 -37 -21 -35 -10 10 1 21 10 10 15 -23 0 -10 25 15 -33 5 22 17 19 3 9 1 4 -3 9 -18 12 30 1 -25 5 2 -14 5 -7 6 -16 5 5 -24 -23 -8 -17 
3 26 -6 5 40 -30 -8 -26 -9 -18 1 33 5 -44 10 9 -11 -8 -9 -8 4 -15 -18 -5 -13 4 -2 25 2 -11 5 -20 -12 -11 -10 4 -16 -18 -8 -20 27 7 11 0 -16 -1 8 -11 -24 -13 -2 4 -2 
-25 18 51 -19 -22 5 13 -14 16 -17 15 9 -7 -7 -22 -5 9 -4 4 -13 11 -9 12 19 34 12 -2 13 -18 -17 -25 3 -4 24 -9 13 -25 -14 -12 -2 4 15 2 7 21 4 -9 12 11 -15 21 -32 11 
11 14 -26 -2 -24 -4 -33 -11 8 -2 22 36 7 -10 32 -21 10 14 15 -8 -17 25 27 8 5 -17 9 4 -2 10 32 6 -5 -3 19 11 7 -23 -11 4 -9 -22 3 6 -1 15 25 -11 -1 10 4 -9 -3 
-3 15 0 -1 9 -7 5 7 -7 24 -8 28 -1 -34 25 0 -23 22 -1 14 -9 21 2 -11 -28 2 -12 18 -11 9 6 13 -22 1 -13 11 0 18 -8 8 -12 -37 3 -14 6 5 -4 24 29 24 10 4 9 
16 -7 9 -13 11 -10 -5 12 -36 -20 26 12 8 30 -10 3 4 -4 -5 18 15 0 -4 0 6 -17 -19 18 -6 -8 2 30 -41 -12 -8 -2 2 1 -4 7 33 6 -10 16 9 -16 28 2 0 -35 8 11 18 
2 23 0 -2 13 17 -5 -2 19 -39 -18 9 37 -8 2 7 -10 -13 -10 -1 -11 -19 -34 -17 -13 13 -18 18 -3 6 15 1 -20 -10 39 20 8 29 24 -27 -7 -3 1 13 -3 3 16 -9 -36 22 22 30 1 
21 0 -33 6 6 38 -10 11 10 1 1 21 -19 9 -6 4 2 9 11 17 14 -4 -2 -18 -12 -1 -4 14 35 -7 -10 -26 4 38 -6 2 -5 -14 0 0 -15 6 15 -3 -18 -8 -5 21 19 20 -10 -4 -19 
15 -4 10 10 0 -14 -17 4 -18 -7 -22 15 -3 -2 -31 14 11 6 -10 13 15 23 5 13 1 -1 -10 1 22 14 26 13 30 -3 -3 12 10 23 -15 15 13 -25 -17 4 -22 19 2 -47 -3 22 -1 43 0 
-2 -22 8 -28 -8 19 36 6 17 2 36 26 24 15 22 -16 29 9 -24 14 8 -5 10 12 -6 -12 6 15 -8 -11 22 -10 -28 9 18 10 -4 12 6 -9 -32 -4 -17 -7 19 -3 32 -10 34 -32 -4 15 11 
16 1 -2 15 -18 -30 28 21 -19 11 -1 20 26 5 -11 -10 12 -14 15 -40 -4 -14 -33 15 1 26 23 -12 2 -13 8 4 -8 -1 -48 24 -9 12 5 -17 6 -4 -8 14 -12 -17 15 -3 -23 5 -41 -7 4 
20 -6 -17 -14 -4 16 24 44 13 12 15 25 -7 -16 -7 -10 19 -13 20 -3 28 2 0 -9 -24 6 -10 -21 3 -24 2 18 -31 -6 1 5 -17 1 6 2 -16 -32 5 8 12 9 -8 6 9 -1 -11 1 5 
12 -11 3 -9 29 18 15 -24 -2 1 -30 10 -11 -22 -15 -14 -25 -12 -25 5 8 -22 19 6 -8 -22 20 8 32 -18 3 -4 -2 16 -2 13 22 -4 -5 -19 2 17 1 -3 8 -4 23 6 21 3 14 -18 -40 
26 7 -7 14 19 17 3 -5 -16 -30 -4 -5 -11 36 -4 9 -18 -3 7 21 36 15 -19 13 -1 -22 1 -9 -5 3 8 1 7 6 -7 -4 7 36 -3 -8 6 18 22 -50 -10 8 0 32 12 -14 -13 -31 -5 
37 -9 -14 3 18 9 -29 -2 15 12 0 -17 6 10 -39 7 14 10 24 17 11 -26 -5 -14 3 -8 -8 15 12 2 22 9 29 19 -14 8 -24 -1 5 -2 3 -12 -20 16 6 2 13 -7 -30 20 -20 9 20 
51 -10 -35 -28 -15 -4 -27 4 -4 -12 23 0 16 9 -19 14 -18 31 3 -5 -7 -26 20 -17 14 -27 10 -23 0 -5 -21 -20 -6 -9 46 32 22 -12 -9 6 -8 -20 -7 4 33 23 11 13 -7 -16 -4 2 5 
16 3 -4 0 7 -9 10 -4 16 14 32 -17 7 -2 1 43 14 30 -12 -34 -8 -11 7 1 -6 -3 10 10 41 -12 11 11 11 13 3 -21 -36 24 -1 -28 28 -14 -17 -1 0 -28 28 10 20 5 6 -2 27 
-2 -6 -20 7 6 -10 -5 0 -5 25 54 -1 7 11 44 -17 17 -3 5 -9 2 -21 3 28 -26 15 15 31 -4 -12 -8 -17 -5 -2 16 7 -2 -20 -15 12 36 -3 2 27 2 -17 29 5 10 -31 -1 -4 -12 
0 -8 -25 5 -16 -12 -17 23 -18 -24 42 -9 -7 29 0 12 -6 7 11 19 9 -36 9 9 -5 4 12 8 36 -7 23 10 19 -6 -6 30 14 -22 8 -1 38 10 -9 -3 18 -7 20 18 29 -5 -19 35 -19 
-5 -4 23 11 14 1 -3 9 -18 13 28 36 6 -8 6 -14 15 11 10 10 4 7 -6 -17 16 23 -8 -10 -33 28 19 27 -28 5 -4 -9 -12 42 -12 -6 -7 -14 22 -24 -2 14 -17 7 -29 12 -23 22 -3 
10 -7 -37 24 -12 1 -22 0 14 9 21 17 -6 -2 41 -29 -30 8 0 4 11 -13 22 -3 14 -6 12 7 2 21 -9 17 9 -11 7 20 -5 -29 -26 -23 35 -9 -3 25 -22 15 9 27 3 7 0 -2 -17 
-38 6 -7 -25 35 1 23 6 -11 25 -3 3 14 10 5 5 -18 28 35 -3 7 -9 11 5 -12 10 19 -14 -1 -3 -3 -25 27 -3 6 -1 15 18 -13 -1 10 26 11 0 -8 18 -7 -23 20 0 5 11 5 
-19 8 -5 13 45 -24 -18 -5 -1 33 2 17 11 11 -3 18 -16 -1 3 -23 -3 -10 7 7 -14 -1 -5 -5 -9 -13 -7 12 8 -2 -16 -5 14 0 2 -5 16 40 -19 14 -12 -4 11 4 -11 3 30 -24 18 
-17 26 -3 10 4 3 20 4 5 30 21 -6 -11 9 -16 -15 -14 3 8 2 18 -2 11 6 -24 0 -8 4 18 35 12 -6 -6 15 -21 15 38 30 -26 35 -7 3 0 -4 7 8 37 -3 16 1 -8 -18 16 
13 -24 -40 -5 6 -1 -2 4 -8 -13 14 -17 17 3 -6 33 -4 19 1 -11 3 1 -7 -7 9 13 -6 -14 35 34 -10 22 17 13 3 -8 12 -23 19 27 12 2 15 -18 -19 6 -17 -1 -31 -8 5 15 8 
-13 33 26 21 2 -21 29 13 15 12 -6 9 -2 -27 33 -20 -33 36 -16 -4 -18 25 -12 28 -28 -17 5 -26 -15 1 1 13 -6 22 36 8 3 10 -6 2 -4 -8 -2 -9 26 -3 -29 -4 -6 -2 -32 -10 26 
23 -6 22 -2 -5 5 6 -20 -1 -10 -25 19 -1 31 -10 3 -16 -6 -20 10 -17 15 7 3 -7 -3 -16 -6 -17 1 -7 -4 -25 12 6 -7 39 -18 38 -11 0 -12 -42 0 7 5 -1 8 3 -4 -2 -5 6 
-9 19 18 13 13 5 12 31 -3 -2 -19 -11 14 2 -16 -16 16 12 16 -10 4 31 -37 14 31 -3 19 -12 2 -17 -6 20 14 38 8 -49 16 38 1 25 -43 -9 -8 -39 -1 -5 4 0 19 -10 22 13 -8 
15 -1 -4 2 0 -34 16 6 -13 32 10 -30 22 -25 -17 -46 14 -23 -33 -19 10 13 8 -15 -18 15 -23 -44 6 -5 3 -13 6 -38 -4 -12 -6 4 -25 -8 -13 -28 -2 9 7 16 -27 6 34 -11 -16 -12 -20 
-8 -18 -6 -8 -18 15 -4 11 1 5 15 34 -33 -38 20 30 21 -2 6 15 10 -7 18 -3 10 0 36 -18 -1 -31 0 6 -2 12 9 -10 26 7 26 -10 18 3 -5 -20 16 24 -17 7 -18 8 2 13 1 
7 -17 -16 -13 -30 -11 -11 38 30 -4 -7 -7 -8 -5 37 -16 19 -13 -13 -13 15 17 0 13 24 -11 8 -24 -24 28 1 11 8 -4 4 -10 3 -3 16 22 -16 -21 -20 31 19 -1 -19 -21 8 8 -16 6 -8 
-9 -20 16 40 -15 5 7 -7 -29 -5 -10 5 -16 16 -14 -11 -10 18 14 -6 3 -3 -10 -27 2 -1 14 13 7 -7 -20 11 9 -6 23 -18 -16 -10 0 10 14 -10 -12 -12 -16 14 -6 -25 2 -5 -3 -35 7 
3 -29 5 1 19 13 28 22 -12 7 -6 38 -17 -17 -15 7 4 -22 -20 10 15 9 1 -16 -31 -11 -4 -16 -19 8 -19 34 -12 -2 -1 -3 -10 -8 6 -3 17 28 6 -7 13 16 3 33 10 -4 9 -18 34 
-8 -33 -19 16 15 7 -17 -21 1 -20 12 8 4 -5 -29 0 15 12 5 -8 13 6 2 33 1 -19 40 -9 -21 13 -38 16 -7 -7 15 -12 -12 -25 8 -5 -22 30 -21 20 23 -1 0 19 -1 -11 -24 10 -1 
9 8 -28 -4 -43 -13 -7 2 25 10 3 8 17 -11 5 10 4 4 26 -5 -19 32 -2 13 -9 21 18 11 -4 -7 -8 -10 39 -10 0 20 -3 44 10 -33 1 9 -5 -18 12 -2 -10 2 -2 12 -3 7 -2 
14 11 25 -25 5 6 26 -11 -20 -26 18 -27 13 -9 14 4 14 -7 10 -37 40 8 16 -25 9 -10 13 0 12 0 5 -4 -35 8 19 -13 14 -12 -5 -14 13 -4 -12 -26 12 36 5 -10 4 10 32 -6 -1 
7 -16 -21 -11 -2 -11 -13 5 -15 1 14 9 -2 11 -6 6 11 -14 6 -2 -16 13 4 -2 13 6 -1 13 16 1 43 -6 -19 20 -36 13 16 -8 0 -23 -1 8 18 -5 -1 12 -23 16 7 -1 8 20 -12 
-17 4 14 -22 -9 7 -35 -14 6 -7 26 -23 -8 27 31 21 20 7 -10 -16 13 3 -8 42 -3 13 -4 -1 -5 -3 5 14 7 -6 16 15 34 23 -7 -22 2 11 -23 -12 -25 -6 15 -29 24 -12 -17 -64 12 
-14 -7 -27 -12 -1 21 23 -14 18 -2 -13 6 1 -28 5 -24 -1 8 34 12 5 -2 9 39 -2 1 28 28 18 -6 3 2 40 -6 11 -7 -44 4 -8 -8 26 0 -5 -1 -8 -15 -9 8 -24 -7 32 13 10 
23 -38 1 29 -4 -6 8 19 -7 9 -9 11 -7 15 24 -2 -6 14 -6 12 24 8 0 3 19 17 -16 3 -21 -2 -6 -5 20 -28 16 -11 -11 -4 7 11 6 4 -1 -15 -19 -21 7 -23 -16 -3 32 2 -19 
1 -21 20 14 0 7 -12 -4 -9 10 12 25 11 9 28 12 -14 -24 -22 -4 31 38 -16 -13 -1 29 -11 -26 -11 -18 12 20 0 6 -2 14 13 1 10 -1 -7 10 -11 12 -28 21 2 12 49 14 -20 10 -23 
12 5 47 4 9 -17 -4 17 13 12 28 -24 -20 21 -24 0 10 1 5 -28 37 6 17 -7 7 -8 -3 -37 3 14 11 -2 23 0 3 -26 -14 27 -9 14 -9 32 -20 20 -19 -8 -8 16 6 -2 -2 -9 -12 
-6 -13 0 -3 4 -16 -8 -6 12 -4 15 -41 31 9 40 4 -5 -2 11 -31 30 6 -1 2 -13 -13 -26 20 18 -12 -4 16 20 24 24 -27 0 2 -5 -10 -19 -13 -2 -14 8 -4 -18 -2 -24 19 -7 2 -3 
-8 -13 -1 16 12 17 -6 -6 -27 39 28 22 -6 25 -21 4 -25 2 -29 -2 7 3 -9 14 -5 14 9 21 12 -5 3 -2 -4 30 -2 14 7 19 -8 -13 13 -16 6 -12 -25 -17 4 27 34 -32 -12 0 8 
10 4 -9 -16 0 1 -12 3 6 -16 -27 -5 -5 7 2 13 7 -2 -14 19 11 20 19 -19 -16 5 9 -18 0 6 -1 -5 25 -8 -9 13 8 48 4 -17 -12 25 6 14 1 23 11 3 30 1 12 1 5 
12 -3 11 -10 -12 -2 -13 9 23 26 2 -30 -6 38 21 -24 -4 -4 4 21 -13 18 -6 -20 3 -21 18 0 12 -5 -11 1 15 22 23 -17 -28 -1 -29 7 -21 -7 37 -8 1 -4 11 -18 1 -13 10 10 15 
0 -14 15 29 5 29 11 -1 15 6 -47 -27 23 -8 -27 -34 -5 -1 4 -4 6 -12 12 -32 -26 -11 35 -4 18 6 15 -11 9 11 19 -18 3 20 -19 -15 7 2 6 -8 3 -18 14 -21 17 4 5 8 -29 
-3 13 3 1 14 0 15 8 -7 -3 9 4 1 -1 -16 -1 -19 1 -10 -8 13 12 -5 -21 -2 -1 26 -15 -9 25 5 -15 5 -16 -24 -27 -30 3 15 12 -5 7 -19 -8 -46 23 21 -3 12 17 -12 -26 -17 
-19 -24 -15 -17 -11 9 7 -49 7 28 13 23 38 -18 1 -7 2 -6 33 -12 -1 -2 -17 -11 33 -17 -16 -4 -5 22 19 5 -6 15 19 -8 3 -4 -9 9 6 -9 -21 16 34 2 11 -18 4 5 -23 14 -1 
-10 20 -19 24 6 10 10 -18 -22 -1 3 22 -8 31 -26 -20 -3 13 9 -15 14 -3 0 -1 2 -5 8 -18 3 -19 9 -25 8 6 0 -9 23 13 -11 23 -26 4 23 -21 28 3 -4 -14 26 -9 25 -25 -2 
-17 -4 0 -24 8 14 -5 12 -34 19 -9 -5 12 -26 -8 4 25 11 -8 -21 41 5 37 2 5 -31 -30 -5 27 -19 -33 28 26 10 16 7 -32 -4 -3 -8 2 -18 -8 6 21 2 -6 16 17 2 -4 -3 -6 
-2 -5 15 19 13 -19 -20 24 17 1 -14 -1 -3 13 39 -36 3 -1 10 18 5 11 -6 17 -19 10 -16 -4 -37 -13 6 -13 7 -17 0 -13 57 5 -3 -8 -19 -13 -16 -16 11 -31 5 3 26 -11 11 15 9 
9 -23 3 1 -18 -5 1 -19 4 -6 10 18 -16 -23 1 0 13 -10 -21 6 9 26 32 -27 -11 -14 19 -3 -12 7 7 -20 2 -7 -10 23 -4 8 15 -25 -20 -4 -15 23 27 -4 -21 11 4 -21 25 36 30 
-20 -15 -16 1 -4 3 -6 -2 24 7 -2 -21 17 -4 -6 -5 -5 -4 5 43 2 -4 -7 7 -20 -2 -16 -12 -10 -1 6 -10 26 23 -13 19 2 33 -1 -34 21 -7 -10 -22 -2 -8 20 -19 -10 -1 -3 -18 7 
4 1 1 15 -1 11 -5 21 22 18 -19 3 19 8 34 34 -9 -3 24 -18 -2 -29 -24 9 -23 2 -15 -5 13 -14 -18 27 -12 -20 -14 -3 -11 8 18 6 5 7 3 8 15 -29 -9 -17 -10 3 -27 22 5 
2 -18 -11 -10 -12 -12 11 10 18 -8 -7 -4 -26 -16 -17 17 -16 -24 4 -6 -17 -1 4 0 -34 -28 -20 -4 10 26 -26 -33 17 -9 18 -20 -3 -18 -20 5 -4 9 -15 -6 -7 16 -7 6 -5 7 -27 -14 -15 
-20 6 9 -7 9 -8 -18 11 7 43 -17 1 -13 -2 -21 8 4 19 9 33 1 -1 -3 -4 -33 5 -32 5 -31 -8 -24 31 28 -1 -19 12 8 -14 3 -17 28 -10 3 -13 39 -25 -6 -5 7 27 16 34 -18 
2 -4 -1 -13 28 15 27 20 -34 -26 9 -23 -20 8 6 -6 -16 9 -26 -17 16 9 16 5 -1 -15 19 -26 3 -41 15 22 0 -1 -4 -22 -32 -2 -6 -20 -19 9 -8 23 15 20 2 -6 17 -13 21 6 32 
823 422 285 331 533 945 127 756 222 680 696 605 146 235 265 453 726 754 537 186 224 917 422 148 813 215 22 440 279 320 752 164 310 660 855 307 873 83 416 729 220 991 244 700 431 953 272 178 919 41 479 342 489 
878 223 415 968 728 127 538 594 949 534 449 387 689 450 200 226 15 308 969 455 919 808 38 676 453 265 733 564 569 231 160 740 381 665 495 882 254 837 314 499 170 936 422 64 698 327 870 748 881 144 939 629 901 
162 58 910 587 850 711 79 577 719 201 310 76 16 339 833 628 434 119 492 479 674 253 686 741 542 673 105 950 30 772 60 158 315 577 435 88 168 117 633 619 963 832 923 945 1 265 876 63 498 337 837 58 492 
312 746 596 329 312 996 63 177 110 130 70 272 482 32 635 799 468 845 176 13 892 842 903 306 999 386 592 426 217 598 255 990 413 210 871 27 937 216 546 987 912 995 773 713 523 53 752 15 855 822 784 814 578 
673 613 667 193 581 351 674 302 47 790 223 252 16 207 41 877 774 17 398 514 704 330 809 108 829 556 81 901 700 578 711 346 367 536 675 665 734 204 658 241 464 778 703 332 928 8 558 141 783 111 594 470 234 
61 868 915 400 982 771 902 186 235 274 179 521 265 388 652 707 79 373 798 402 713 137 992 619 48 859 819 720 985 38 969 250 374 840 204 998 100 903 553 259 696 946 424 238 744 209 773 332 29 36 138 810 216 
203 570 696 302 547 636 840 292 643 16 631 256 643 581 713 88 73 289 329 748 110 415 624 169 500 49 708 238 661 689 723 167 991 818 758 694 141 67 335 178 402 263 671 891 14 223 529 29 365 107 709 448 847 
160 395 35 874 47 206 919 557 258 437 511 107 558 322 557 518 230 383 945 120 9 556 672 699 800 874 966 820 967 460 557 113 146 29 308 802 843 23 387 40 988 864 755 382 503 626 527 929 787 230 629 798 198 
327 559 597 598 47 77 554 591 567 485 660 450 44 139 191 477 712 39 366 326 480 504 774 691 281 498 379 747 856 477 554 800 946 532 779 42 900 577 695 731 345 762 464 16 750 873 805 5 967 126 39 805 615 
437 671 123 452 788 403 108 998 156 123 592 750 750 462 72 930 185 949 351 512 847 72 785 188 982 242 353 629 40 25 531 449 207 571 247 715 467 39 60 817 837 358 155 82 11 473 11 945 646 156 439 817 179 
408 649 390 197 951 960 431 323 830 339 516 516 735 5 708 731 771 995 174 516 926 201 385 189 656 154 728 26 678 889 657 298 536 954 385 668 109 930 901 859 537 22 951 959 95 13 918 34 78 290 731 139 358 
533 228 43 897 903 883 756 636 953 81 550 772 68 680 555 635 514 336 472 954 396 854 739 306 918 254 783 480 209 977 55 153 834 452 499 535 683 576 414 874 589 186 643 360 875 768 386 230 155 351 884 866 946 
117 378 508 779 813 585 455 553 862 191 587 769 823 874 954 464 529 799 745 202 488 548 9 690 122 346 72 459 315 298 651 368 225 171 297 433 144 96 863 578 414 663 424 856 245 159 235 644 266 991 268 750 463 
771 216 129 567 942 260 672 616 464 829 279 680 388 53 180 847 913 170 354 516 856 796 508 14 200 6 429 82 500 971 89 919 489 786 290 145 34 451 935 619 440 951 148 758 260 868 617 978 499 927 771 689 929 
80 969 608 231 326 450 724 259 858 439 129 400 121 947 84 581 519 424 834 581 467 15 666 225 660 555 191 556 308 726 342 704 323 658 571 189 601 632 247 67 396 364 683 388 746 970 276 442 372 63 698 272 101 
478 406 290 99 890 191 145 730 89 296 352 872 182 634 548 684 626 202 772 518 686 962 445 506 242 528 478 33 389 17 357 137 400 134 639 478 345 830 363 129 536 35 410 254 415 995 580 744 946 65 231 87 831 
59 813 385 452 879 181 327 145 298 70 44 185 936 405 62 963 352 653 1 96 112 570 115 896 104 149 350 934 89 298 215 141 649 300 698 577 182 158 943 453 707 908 442 339 654 508 149 412 81 493 763 527 577 
189 386 344 152 269 64 415 857 600 272 447 573 565 449 821 718 211 203 867 32 839 137 543 574 561 39 961 501 657 751 439 764 926 642 931 242 824 676 375 707 335 906 442 937 683 498 255 454 562 219 302 621 378 
338 848 322 696 364 982 521 71 717 215 633 431 493 603 408 826 65 371 4 331 110 411 554 889 609 271 70 773 265 595 6 880 769 572 702 141 607 100 487 65 879 699 894 863 62 62 768 502 72 162 815 632 38 
991 758 573 433 957 874 102 57 594 283 711 263 623 791 781 188 54 539 889 992 383 139 480 74 427 178 256 990 638 905 599 466 398 501 199 160 857 399 478 71 741 919 105 890 580 540 177 926 878 361 18 180 824 
270 350 631 684 155 254 901 951 128 221 636 603 125 205 368 331 713 304 595 912 212 497 520 67 167 690 973 946 853 199 595 113 42 403 970 584 809 219 612 616 322 76 820 473 327 38 556 847 80 167 709 706 990 
486 446 604 195 323 352 229 217 481 108 149 791 664 587 785 726 348 164 536 230 707 943 948 34 800 243 908 978 553 98 47 125 194 957 597 909 641 402 281 842 674 576 856 542 148 366 144 651 951 307 981 960 260 
823 317 43 483 225 931 907 91 459 972 622 549 982 209 444 846 713 226 723 331 570 82 224 604 649 66 271 21 307 363 66 890 716 71 910 738 421 435 896 53 437 535 760 950 161 864 624 252 736 393 790 142 273 
359 426 104 814 177 808 356 243 835 1000 382 954 529 809 451 737 553 562 143 35 65 889 361 143 785 509 672 626 978 398 990 997 987 984 790 666 790 989 328 595 539 982 189 80 959 538 196 167 380 506 871 680 22 
79 22 447 27 424 790 620 538 183 228 841 417 182 16 373 795 629 641 398 138 763 788 558 219 946 105 764 947 934 224 772 718 901 744 754 735 461 517 892 572 99 1000 657 243 494 363 386 286 176 306 876 89 791 
263 507 792 640 717 520 112 715 58 885 781 98 547 966 746 932 856 11 44 542 894 470 784 473 820 458 505 89 726 824 24 520 540 371 483 332 459 394 392 203 136 867 826 583 296 665 203 932 163 965 189 101 876 
878 835 349 277 628 257 409 335 620 689 551 275 76 670 24 282 443 276 858 931 647 796 537 958 610 182 386 431 107 590 136 145 145 252 852 374 160 131 546 234 368 487 4 478 529 838 178 680 698 117 263 259 682 
384 176 692 290 981 484 904 670 486 75 147 22 902 867 620 503 139 770 492 139 623 847 557 489 643 242 357 547 15 481 902 288 418 702 285 985 932 282 968 892 516 917 928 814 518 697 563 300 933 937 497 171 373 
455 333 753 75 585 573 556 360 255 525 150 251 414 678 908 649 433 212 93 714 67 978 384 26 724 540 236 678 347 361 374 956 816 276 911 728 138 593 27 26 927 705 724 629 323 841 56 556 459 172 812 156 92 
287 296 303 141 837 425 418 814 210 509 860 516 649 487 858 958 555 877 488 865 763 888 968 392 712 127 250 781 466 592 400 79 315 672 185 173 172 557 931 10 323 971 654 149 615 477 437 778 271 243 655 340 996 
392 54 915 824 471 380 294 154 949 241 494 470 53 578 843 666 664 93 651 565 410 303 496 288 880 21 366 375 913 505 719 845 432 536 674 879 10 85 959 537 917 322 11 637 303 606 218 501 153 853 346 456 668 
329 868 599 483 911 333 257 911 688 492 38 329 977 478 378 85 197 737 51 205 169 524 753 330 155 451 370 531 169 707 384 177 684 651 774 607 837 58 841 446 248 964 701 616 203 404 480 78 392 809 649 335 692 
478 973 398 601 398 190 44 539 108 15 295 647 950 982 842 721 439 920 111 644 305 992 277 444 117 397 485 835 468 790 751 424 905 298 735 334 146 541 105 140 181 839 705 554 121 816 530 340 787 455 898 968 918 
904 684 488 519 593 202 402 584 285 902 503 243 120 445 769 761 849 260 360 299 675 149 626 116 409 312 999 674 235 187 51 786 625 469 906 458 488 717 694 322 257 814 596 658 308 529 276 944 834 363 38 96 414 
746 171 584 982 352 611 834 699 5 294 90 990 144 61 411 215 508 945 95 879 408 175 910 541 65 294 20 581 83 503 769 199 745 442 73 908 128 278 327 691 829 812 238 778 753 56 566 772 760 213 211 831 464 
987 309 566 696 899 224 626 773 420 145 948 189 666 28 375 958 878 453 856 374 375 588 364 139 562 375 725 551 771 797 33 552 552 93 12 473 300 986 572 179 656 32 52 293 592 384 323 521 672 242 483 190 225 
691 416 435 119 303 409 132 988 339 581 565 607 265 370 789 754 719 257 330 626 118 989 839 284 40 628 753 448 506 355 524 991 323 365 88 349 508 565 329 456 239 157 670 765 228 315 952 101 904 5 905 583 695 
443 259 672 427 684 669 401 510 50 14 918 872 674 868 474 507 491 373 972 183 564 871 401 896 933 22 62 117 922 736 584 661 810 348 260 151 985 109 340 668 953 75 329 742 945 122 632 201 848 695 199 993 946 
158 794 97 335 951 197 760 670 169 405 845 349 313 562 87 375 745 467 296 845 436 270 84 698 574 204 58 769 851 131 847 394 532 565 170 471 672 132 275 828 696 503 233 230 872 86 964 493 181 97 633 25 191 
292 628 882 819 301 621 855 298 857 907 517 701 931 569 278 885 441 425 636 731 831 138 335 749 371 275 94 825 882 92 479 498 97 745 856 721 60 555 395 665 941 374 558 823 893 210 397 694 758 191 907 918 547 
485 749 426 646 555 922 512 497 412 347 17 764 571 229 883 128 692 151 681 508 926 652 12 813 2 54 849 960 514 609 963 659 812 783 329 517 207 8 670 238 725 418 651 107 37 150 254 442 890 988 564 493 26 
899 367 220 287 986 922 97 949 757 175 32 723 508 730 770 462 153 708 830 279 141 134 928 780 699 548 993 771 841 704 221 126 805 232 666 924 501 915 175 133 246 107 461 804 606 909 637 441 511 163 594 561 920 
777 776 608 528 447 337 683 178 38 525 40 577 545 937 792 889 94 443 623 543 102 28 425 586 507 73 150 999 768 360 867 327 499 342 907 662 52 11 213 889 674 691 322 782 130 622 810 859 149 665 83 821 151 
731 271 530 64 543 605 277 381 807 979 358 590 892 343 352 51 380 20 803 689 571 742 594 402 605 575 145 952 370 916 912 824 983 872 731 242 565 785 680 134 87 594 817 54 680 170 405 187 281 638 511 815 317 
412 266 757 588 900 978 579 895 364 432 533 390 322 238 6 26 620 977 920 989 975 484 700 803 578 879 135 511 909 875 766 406 489 601 188 216 5 165 525 739 413 808 717 116 537 527 742 153 432 250 118 609 242 
379 628 369 783 17 324 447 401 740 249 664 973 245 310 74 944 64 900 132 365 510 260 168 625 72 633 675 216 889 170 130 621 607 828 758 636 794 165 239 740 287 966 491 645 243 441 916 315 562 809 291 75 977 
980 850 685 65 882 368 27 723 95 158 313 841 705 557 964 736 561 602 528 83 761 625 685 411 459 348 909 295 782 151 930 587 300 549 761 470 216 671 861 580 268 55 45 8 7 884 506 794 302 851 407 180 765 
548 885 404 858 202 670 907 564 25 45 742 413 659 610 412 968 402 819 46 836 528 394 167 611 92 876 316 961 905 831 353 884 660 814 711 463 432 565 346 407 693 972 637 510 326 705 876 188 19 718 367 672 166 
790 517 857 922 470 997 520 918 215 479 30 47 95 420 558 910 201 408 512 886 366 749 413 323 50 985 545 180 176 814 863 675 313 652 928 411 70 167 501 848 513 188 926 923 408 183 648 872 595 453 741 929 245 
741 890 133 699 923 38 520 602 287 699 363 876 477 220 729 99 506 751 556 777 555 835 604 38 627 693 612 24 864 893 719 917 233 850 624 519 404 704 252 518 288 153 862 933 705 55 67 306 385 419 650 572 998 
548 925 744 751 951 139 331 484 141 187 903 956 479 698 895 423 243 723 363 985 983 602 853 342 578 506 251 490 240 470 749 864 528 895 103 175 169 323 433 254 158 595 978 239 264 603 228 133 183 115 141 265 313 
300 324 655 991 490 106 47 767 711 952 262 919 308 72 635 623 312 290 241 882 273 642 461 854 695 929 323 529 576 602 658 883 366 231 137 478 596 28 992 565 677 805 423 295 916 205 379 722 338 973 475 445 498 
121 672 941 687 935 942 787 845 437 318 472 4 675 586 348 220 421 655 558 653 44 768 950 396 763 634 231 657 464 641 4 196 720 243 807 341 410 231 833 233 483 739 321 241 642 548 277 436 180 696 885 90 396 
