66
-27 -18 -11 42 21 23 -11 -10 -3 -31 10 34 18 41 31 18 -9 7 -12 -28 -18 2 10 -19 11 40 -3 14 28 38 -1 -25 11 7 -7 21 -11 -21 37 -1 -47 -42 23 -16 3 24 -25 -21 -5 -5 15 -7 -12 -7 20 -16 1 5 4 -20 8 24 -33 -49 6 -10 
27 -24 -12 -14 -20 -7 14 -7 45 2 2 9 4 1 6 -18 35 -9 -41 19 8 -6 -7 -45 5 24 29 52 26 -36 -47 0 -17 26 -7 7 -4 18 29 -33 -48 -7 -14 -7 -12 -2 -10 11 25 -18 -18 -6 -13 3 19 -6 -3 6 -6 -62 -18 9 36 9 -19 -9 
28 -1 21 4 -4 29 37 -13 -4 10 -9 2 -10 -2 18 -14 19 24 -7 -20 -34 21 -20 -34 42 -5 -5 -1 -6 11 -22 -10 -2 16 25 23 44 41 -35 36 -9 -26 18 9 -13 2 0 -10 17 14 3 -20 33 -25 -14 11 -14 -36 10 -10 7 -12 8 -3 24 19 
3 -16 6 5 41 -13 15 -7 1 54 6 4 13 18 -21 -12 20 28 0 -18 1 -11 -7 -21 46 35 -6 8 -14 15 -3 -7 29 -34 -12 -11 0 -4 7 -26 25 -35 4 -20 -4 9 6 -8 27 -38 -15 20 -1 -40 -11 18 19 3 40 2 -30 -17 45 -7 -10 -2 
-58 -27 19 14 -6 -8 -9 28 -35 -44 -35 11 10 46 -1 41 -8 -25 5 -34 -14 -14 -38 30 -3 -15 -29 -3 7 -14 10 -21 8 -31 -6 -10 10 -19 13 -40 36 -32 -25 -34 10 -3 -8 13 7 -34 -7 38 45 16 14 -10 30 -27 -38 12 -40 17 -9 18 -38 13 
22 -2 -21 17 10 6 -17 1 -42 -25 6 22 22 15 -6 39 26 -22 39 19 3 -41 -15 19 -9 -8 8 -18 -16 26 15 5 -38 -41 31 83 -19 -2 54 -6 -7 28 11 -20 17 8 -24 5 27 -18 -22 29 21 17 33 12 8 6 -11 -5 7 -11 24 -13 -8 -8 
-2 22 35 31 13 40 43 8 -17 7 -5 32 -47 -2 -3 -28 -29 1 -2 -37 -1 24 -1 8 22 13 23 13 24 -19 22 14 -8 -9 -53 -30 -29 -37 -9 8 -4 11 22 25 -8 -48 20 -24 -16 -16 -30 -22 -18 15 6 0 -2 23 19 11 21 5 9 9 19 -16 
-5 -25 -10 -4 -21 26 -51 27 5 -19 -43 -8 -14 -8 -13 -6 -19 28 -41 -7 -26 29 -11 -47 30 4 -3 -40 21 63 -14 -15 -27 -6 -23 -16 12 -1 -4 -10 10 -52 6 47 -18 37 -10 16 -20 26 6 -31 -10 17 -12 -15 -24 5 -13 -52 -5 -12 14 -16 -2 34 
-21 14 -9 30 -30 -9 3 -22 -12 11 -1 13 9 -3 4 -3 -13 -1 5 7 18 14 2 -1 1 -18 -14 24 -9 19 -17 -9 42 -7 63 34 -38 -2 -17 -38 -23 11 15 -38 8 9 17 -11 -12 23 -5 42 -13 -39 7 20 27 -2 -21 -25 -19 5 16 -16 1 -23 
70 -14 -32 50 -18 -3 -14 21 -18 -17 -13 -4 -11 38 12 1 32 -47 -12 57 10 -9 20 13 -9 19 6 -8 -32 23 23 -23 27 1 43 3 5 -6 -38 18 -23 -19 -14 -14 -2 2 5 -9 -41 -27 20 19 13 -16 -24 -3 12 -1 0 -25 14 -25 34 -18 -6 -32 
33 -40 2 -4 28 8 -42 -22 28 13 -4 -25 27 -61 -17 22 -2 -3 17 3 42 -7 3 -1 -3 48 -1 16 -10 32 -6 -5 -56 10 -34 11 -25 9 15 -22 24 42 7 17 19 -14 8 -34 -23 4 0 -7 -15 22 -33 -4 28 14 28 3 8 -32 2 17 16 -26 
-19 7 -28 -8 -12 43 3 1 21 41 8 -20 -7 5 3 -28 14 11 -14 16 -3 -14 -14 12 2 -8 -26 -6 -12 -11 11 -41 5 12 57 -10 7 -14 -28 20 -9 -7 36 16 2 18 -24 -21 12 -7 -33 25 -22 -6 5 -6 21 -27 36 -3 -7 -12 -29 -25 58 8 
-36 -4 17 25 -3 -15 1 -2 -6 2 30 -10 7 -14 24 12 -8 -13 1 0 -5 -16 27 13 23 15 10 13 9 34 0 -17 -28 -7 -1 8 3 44 3 -4 8 -9 0 -13 -7 24 2 -14 13 48 4 35 1 -24 7 -18 -3 -16 12 -42 -1 7 -11 31 13 44 
-17 -20 -11 23 2 6 8 -7 -34 11 5 25 -11 -14 -1 39 8 6 30 0 -27 18 -20 24 8 -15 27 0 29 39 30 16 19 22 1 14 -4 -23 7 14 -15 -18 22 40 -3 -21 39 0 -15 -22 -12 -1 4 -49 -17 9 -16 -10 -18 8 -17 -5 5 -3 2 -9 
-28 -19 -2 -4 -2 -10 -22 17 6 -3 -30 -28 -8 -10 2 -29 -10 7 27 24 0 8 -6 -5 -16 3 2 4 -5 36 26 -5 -3 -20 21 18 -29 22 10 6 -16 4 9 -11 -8 19 38 14 1 17 -36 -17 25 -25 -34 18 -80 17 -16 -42 7 -1 29 15 30 18 
3 -9 34 -34 -27 31 35 24 -8 27 -9 8 -10 64 8 -19 -8 36 -4 -13 5 -5 28 -48 19 -3 -23 -20 30 0 -7 9 -5 51 5 13 36 -1 -12 -7 -17 0 -32 12 -25 -8 -1 -2 2 23 21 6 15 -49 20 -13 5 -10 14 19 41 -49 2 44 -11 5 
20 12 -10 8 5 -2 23 14 -2 -9 13 -24 38 -14 -38 -23 13 13 -42 -27 20 -12 0 -12 12 4 -4 1 -37 -9 -41 15 -27 -36 10 38 -12 -11 -15 -41 34 -9 16 20 -7 7 9 -17 7 18 -28 30 -4 -12 -3 -17 3 0 23 13 37 0 -8 -25 5 5 
-18 15 -7 19 70 33 -19 45 3 -5 -14 -43 -4 21 -15 -17 -39 -22 -22 27 -11 35 -11 12 9 -11 25 -5 18 -27 -3 19 -3 -15 22 0 4 -19 -11 36 -17 13 -18 7 34 -39 0 2 10 -37 -16 -14 -6 13 24 21 -42 5 10 -11 13 26 -9 -16 -15 31 
2 -12 -15 21 -30 0 -37 -40 -20 25 5 32 38 -7 23 -20 24 -2 -14 19 20 -17 7 -39 9 20 -17 23 -14 0 1 0 -17 25 19 31 -4 -7 5 -37 3 -35 15 -21 -17 -11 40 -17 -5 15 -26 -5 9 7 -2 1 -20 35 24 -2 -33 0 -16 -16 -33 -27 
5 -45 50 -34 -6 7 6 -1 -12 3 -14 -9 21 -12 -7 2 19 -34 13 33 5 -5 16 9 -7 6 14 21 10 2 24 1 27 -7 -2 -25 -37 29 21 -6 8 3 -4 -6 -30 4 10 -13 -9 26 -22 -11 -16 26 -10 -13 35 -34 -43 -16 -24 1 52 -14 29 -42 
21 -12 -30 -10 -13 14 13 11 17 42 -13 -21 -23 0 -28 -29 8 -28 26 36 -12 -10 16 9 13 -8 15 -4 4 -9 -21 -21 5 -5 14 -7 12 17 15 29 7 -8 11 -27 -7 -21 -1 -32 -10 2 6 21 3 -15 -3 -16 44 9 -18 -7 39 18 2 19 29 30 
7 2 18 -14 3 8 -22 -14 -8 0 -16 24 -53 26 -8 -19 38 19 -31 -2 -3 -28 -26 19 -6 -18 12 -9 -7 37 -6 -3 25 23 33 40 2 16 38 -19 17 22 10 -33 -16 -15 4 19 2 42 -13 -21 -30 -3 -22 -5 3 -10 4 -42 7 -19 -12 39 -47 -24 
33 -21 37 -24 21 19 1 4 20 23 -30 14 -22 7 10 -14 -15 -31 43 -21 35 2 -5 3 -12 -19 5 8 5 -74 3 11 7 -20 -22 17 27 28 -28 49 -26 36 29 48 5 -19 -3 9 14 -10 9 28 -29 1 7 -8 4 -4 4 18 -14 -12 -18 -38 -37 7 
-6 34 32 -12 45 26 0 -1 0 -15 -36 0 22 -12 -36 7 31 -6 0 1 22 34 -42 -65 24 21 -4 40 9 13 -51 -14 13 -3 53 1 -16 -14 3 -9 2 -1 -9 -37 -7 -21 -5 -15 11 -22 -6 -42 11 35 -22 2 1 14 -8 -5 -25 -26 11 -6 -19 26 
-9 -27 2 21 6 -14 -29 -11 -1 5 -8 23 -21 43 -5 20 16 -28 17 22 -58 10 14 25 26 4 32 -13 6 2 -13 10 -33 -25 7 -29 -15 -3 -1 -18 -5 6 0 -25 -25 4 -32 21 11 -17 -29 -25 -31 25 21 31 21 10 2 52 -6 -12 -30 -15 14 25 
-24 -14 23 -28 44 -22 -45 -1 -2 10 -10 12 -10 -10 -31 -15 -20 28 -8 37 -4 17 23 8 0 31 -26 -8 -33 -3 -21 14 20 -5 -27 15 17 48 13 -38 33 -11 23 28 -1 18 3 -27 21 -22 19 11 -6 8 -3 16 1 21 14 20 5 20 7 12 -19 39 
42 13 40 -25 -3 14 14 -15 18 6 1 23 20 -4 32 -6 24 17 15 34 23 -25 -7 5 10 4 13 29 38 -39 -8 4 4 19 -4 12 7 27 -1 -4 12 -61 19 -63 -48 3 -19 -7 -23 -12 -2 0 -7 -14 -4 7 27 -2 11 -6 24 -25 -10 13 -11 -34 
42 -7 -15 13 -17 -15 -18 -33 -24 -5 -32 -13 22 2 -8 -27 2 5 19 62 -9 -4 6 18 12 33 9 14 53 -7 15 20 37 26 -1 0 3 -15 -5 -14 19 29 12 42 -21 7 -23 6 -22 28 7 9 -25 0 -18 5 19 4 -21 10 45 -4 -2 -11 -39 -9 
-6 -30 33 -1 -1 -25 23 -38 -18 -17 -9 11 -3 17 -22 0 56 -28 8 6 -8 26 0 -10 -26 -13 -16 18 -15 -34 -6 -9 10 3 -13 4 -6 -10 -5 -13 -24 -2 -18 14 -19 2 18 -18 7 -23 -6 34 -14 6 -9 32 -10 42 32 -8 -46 -29 12 -23 10 10 
-9 -15 1 -21 -16 -25 30 -8 5 11 -2 -22 -29 8 18 -11 22 -26 -11 35 -28 24 18 -3 18 -32 41 7 -17 18 20 -3 5 -32 -17 15 -2 32 -6 3 13 -51 -25 17 8 -2 17 -23 -2 32 -11 -4 40 19 -6 20 -13 3 10 -10 -3 -36 17 9 -10 18 
-4 17 40 51 10 19 26 -7 1 20 20 8 26 7 -1 22 -7 6 -27 -20 3 9 -4 -26 -24 -1 14 -45 -20 26 21 -27 11 21 -16 -21 -23 9 47 5 4 8 7 -11 15 17 26 20 16 -17 -6 -26 14 8 29 20 9 15 0 16 31 -9 30 -27 -4 9 
-15 -9 5 8 12 -26 1 36 -24 -7 -2 9 -13 1 34 19 27 -21 14 28 -45 -14 9 -16 -20 15 -15 -20 17 -9 8 -14 -27 -4 -38 -9 -5 10 26 -15 26 -16 16 10 -24 19 20 -24 -15 -6 15 0 17 36 23 9 50 -28 -3 -11 -26 -29 33 21 32 3 
37 28 31 -20 8 -33 -29 -8 -39 -3 -17 12 3 -1 22 3 0 20 -6 25 -14 3 5 -21 13 -17 50 -36 -25 -32 15 -37 2 15 -18 -32 -11 -4 -18 -10 0 30 -53 -12 -5 -11 -12 3 27 -23 12 -32 -17 -47 37 34 -29 11 25 -15 -10 -23 6 5 -4 23 
22 15 -10 -16 9 -31 -1 -29 -32 15 -60 7 -15 -9 19 -53 43 27 21 1 -9 -12 19 -31 -19 -26 -1 33 -32 31 10 19 -15 10 3 -28 17 -6 64 42 19 8 -14 0 -1 11 11 55 14 -10 29 20 -27 14 -17 10 2 -34 16 -25 -27 -15 25 28 14 10 
-4 -30 22 0 -10 5 -60 11 -32 -31 5 5 -32 -6 -18 4 10 12 33 -8 -11 3 17 -2 6 3 19 6 -66 -1 -6 17 -2 10 -8 -7 4 -10 27 14 1 12 -10 -26 18 -11 -27 -18 23 -18 2 -43 25 2 12 4 -13 -27 -29 -16 20 -19 -2 -22 24 -1 
-23 26 -1 2 -32 -12 -27 -8 5 5 -22 1 21 4 2 -45 -4 30 2 21 18 20 -18 -21 7 -4 -10 -19 0 0 4 -23 -26 -18 -29 8 -9 -13 -27 -41 24 33 12 33 -28 -9 5 25 14 -42 -54 -41 -10 14 -20 15 -54 14 -11 -18 -39 -14 69 4 7 17 
-16 -19 0 15 -4 61 8 -17 -2 -7 -28 -39 -13 36 -16 3 8 -23 -13 11 12 16 16 16 -14 6 -11 14 -12 18 -11 -16 22 -5 -18 -21 -25 -25 14 -12 13 -26 28 -17 58 3 17 -17 10 -20 -16 35 -15 -47 -29 -26 12 -17 14 23 -3 0 10 5 -2 -37 
-34 -24 -15 -36 -37 -5 5 -3 25 0 -19 -8 8 18 -8 -5 4 -17 9 2 -6 -3 13 42 21 -18 19 18 15 -6 -35 9 -18 54 6 25 -27 22 1 11 -10 16 4 32 -37 6 -19 -18 12 -26 3 9 24 12 -19 -10 -23 -10 24 -14 -34 -19 -20 18 -9 12 
-21 -34 14 -7 7 1 -18 -13 39 14 -22 12 -12 -14 7 27 15 -1 -22 24 26 -20 5 49 39 -31 -28 14 -20 -1 -28 -7 9 -22 11 6 41 15 12 4 3 -16 29 -26 -3 -4 41 28 -4 -18 25 -14 -8 22 19 15 -11 -25 -14 52 3 40 2 31 -36 3 
-40 -17 4 -27 34 -18 17 5 -7 -15 -6 -22 3 -14 12 -9 -8 18 5 -29 -4 -23 -32 -36 28 27 20 -34 12 -32 -33 -12 5 -23 23 6 -6 2 0 15 5 -20 -4 -3 -9 -43 8 2 1 -42 16 -34 36 -26 -21 -57 5 -28 11 6 -1 -23 19 4 39 36 
14 -5 15 -17 2 -42 14 10 47 5 -2 -23 13 44 6 -20 -20 2 33 -7 -4 20 -18 13 8 4 4 -22 8 -14 -18 1 14 -5 0 -6 -21 34 -4 22 36 -31 -11 -16 -20 18 52 -6 -5 -17 -11 -35 3 -3 -17 -11 2 -25 19 -14 -41 -5 16 38 19 39 
-5 15 41 42 32 -16 0 -22 -6 -27 16 24 -10 -4 -13 19 38 -32 12 8 -31 -7 4 -14 -30 -44 15 0 1 -11 18 22 -1 0 -14 5 4 9 27 -23 -39 21 12 -17 6 -45 21 6 1 -16 35 28 -24 -14 -9 31 4 -23 13 15 -11 20 -38 20 12 -1 
-32 27 11 -15 16 -4 9 -9 5 14 -6 -29 -18 2 0 34 -1 -32 13 -4 23 -15 -27 -12 -37 7 -22 40 7 -7 -4 6 -5 -13 11 -20 7 7 -17 -24 6 9 -3 -18 -7 22 -18 8 3 14 30 23 -34 -38 -36 23 7 -37 -6 1 11 -8 -10 8 31 5 
27 25 12 -51 -35 9 -5 -10 4 42 21 -7 -19 -3 -17 -5 6 37 -43 5 5 -58 10 -8 -16 5 -16 -20 3 -49 5 9 -24 -4 3 17 10 10 37 34 -3 -18 -20 33 41 -27 -28 -11 -21 17 -36 -12 9 -11 -21 -14 35 30 -9 11 -25 -19 16 -8 9 -29 
20 -17 -64 11 27 17 -31 -55 -12 22 -6 -36 -35 -5 36 8 -9 -27 31 31 -34 -22 9 2 2 5 -4 0 2 -3 -22 23 -4 23 16 -17 -31 -13 -13 -11 9 14 2 -12 -3 -9 8 -3 -14 14 4 -5 32 5 -32 7 46 0 -25 -31 15 35 -19 -14 -2 41 
-55 -8 -29 -14 -24 6 10 -5 -46 -12 16 43 -10 -1 2 -6 -2 6 -10 -17 -27 5 10 -14 -5 -11 -1 5 15 23 23 7 -30 -2 25 38 -28 21 -39 -41 0 2 2 7 -16 34 16 -57 13 -13 -1 -28 32 21 -36 -9 30 16 0 5 -16 18 4 30 -3 -3 
-31 -40 -18 -5 -10 -6 -19 -30 18 -26 19 -3 5 11 -4 13 25 -48 -14 -54 -9 29 -32 -7 -34 29 -13 4 -29 -9 -1 -22 13 -34 3 -30 -15 -14 -26 28 29 -34 32 2 -51 -23 14 -13 33 31 -26 22 -1 -52 -30 16 17 18 -4 -9 -28 -52 2 8 4 -30 
46 -6 28 48 -11 -19 12 -6 18 21 -2 -25 -25 8 -20 21 -6 -3 1 30 10 -12 19 17 0 16 19 3 33 -21 17 -23 -17 -7 23 30 4 -37 -6 7 -27 -36 -33 -11 -6 5 17 24 -53 26 -17 2 17 -10 19 -22 0 -3 -25 11 10 33 26 17 -2 -2 
34 17 30 0 -24 26 10 -6 3 -38 16 -13 26 -8 -7 -2 11 0 -3 5 -4 -16 30 -24 -11 25 -5 9 11 1 -24 7 0 41 -27 -34 -32 -30 -13 -10 2 -1 0 -1 21 -4 12 -28 -32 21 9 -10 -15 -12 15 24 -18 -13 5 -11 -28 0 1 -13 -24 -38 
-45 -36 1 19 -31 2 -9 -7 -10 -10 9 -9 -14 -6 -18 3 -6 -2 9 -18 -21 1 -20 -6 -10 18 -42 -40 -9 -12 16 -33 10 8 -2 18 -15 4 -34 -26 -10 12 -20 -7 -28 -27 17 2 -2 -50 -11 -2 31 29 30 10 16 2 -9 -30 22 -21 -23 -10 27 -11 
-9 12 21 -28 8 14 12 9 -14 13 -1 -34 25 31 0 11 28 -5 -22 -28 38 11 -17 9 7 23 -41 2 24 -73 -14 13 -20 -19 25 30 -1 33 40 -2 40 47 9 -2 -13 -10 11 9 13 5 -39 -18 38 -16 18 40 -6 -30 31 5 -28 -34 8 -22 -36 42 
-11 25 15 5 -41 -3 27 15 5 8 -8 -22 31 -4 16 13 8 -8 -10 35 43 -39 5 -28 -15 -24 35 -31 0 -5 6 33 -25 -21 -31 -3 6 -15 8 -6 -2 -3 -10 -7 -9 33 -9 14 7 48 47 -14 36 -15 1 -8 -21 10 -5 19 -33 -19 16 41 -14 -18 
29 42 26 10 -3 11 2 -10 17 35 -14 -2 5 -18 -4 -16 -10 37 -35 14 13 -2 -1 10 -41 -6 -19 -4 6 8 35 -27 11 10 -18 26 -6 12 -23 1 -3 -38 -18 12 19 -11 16 19 -16 -17 -6 17 45 -6 -3 0 31 12 20 20 -1 36 17 -7 0 42 
37 -40 -20 38 -37 -5 -19 17 2 -1 41 -17 -2 -24 28 22 -8 29 31 -23 35 5 4 -16 51 32 -12 -8 3 -12 -17 -6 -14 9 27 6 27 -9 9 -26 5 9 26 11 -38 -27 3 16 -36 32 -34 -22 -5 2 14 -38 10 -17 18 32 12 -27 -23 -4 8 -13 
25 -15 9 -9 31 -13 7 19 4 14 13 -8 20 -1 -7 -12 -4 10 -12 -32 -2 5 9 16 -14 -18 -37 32 -18 29 -28 -5 28 8 11 10 0 -13 2 -35 -13 -45 -26 -4 -5 10 0 17 22 3 -30 -20 27 -34 -2 23 -23 9 4 28 34 15 27 -14 -31 11 
-32 18 -27 -13 6 -21 18 -18 -4 -2 12 -7 5 38 -6 -37 -13 37 4 -22 -33 4 -3 -65 -36 16 -8 -16 5 -9 38 -46 -24 -14 6 17 -1 39 6 1 -11 23 22 18 34 2 28 5 -2 30 26 27 40 18 22 12 44 -7 11 -51 5 5 26 23 6 8 
41 1 -16 5 24 11 -1 -27 24 9 33 26 3 20 28 -34 -21 16 -36 21 -26 15 -27 20 10 -3 22 -21 -28 -23 -35 -6 -7 17 -2 63 16 19 46 5 4 -22 -4 42 6 -38 -27 8 10 -19 14 -6 -24 -16 -14 48 -14 -9 21 11 -23 -7 -20 -22 -14 -16 
18 39 2 11 -10 -15 40 11 -39 1 18 19 39 -34 7 -18 30 -24 -38 41 32 52 9 -25 54 36 -43 -41 -4 -31 -2 -3 0 7 20 15 -19 -5 -30 -11 32 25 6 -8 -6 43 -34 -3 18 21 -16 -8 3 0 -2 -17 34 -35 16 -28 15 46 9 18 -47 14 
4 -38 -5 3 -3 -15 -20 14 -16 -9 22 -30 -1 26 22 -7 23 -9 45 -10 2 -41 2 -22 11 -12 61 -14 -10 -23 -11 -15 0 -1 13 -31 2 -8 -5 -20 3 32 8 31 -8 3 12 10 13 14 16 57 12 1 10 -19 1 13 -16 -16 -15 19 -23 -16 -7 -8 
-9 14 -8 -35 16 -22 -18 14 36 -21 0 -19 25 16 5 -27 -2 2 10 30 -4 -5 -4 16 -9 15 -11 10 -36 -20 -42 -28 -11 -14 17 -16 24 31 34 -2 -14 10 -10 13 -31 -10 -26 26 9 -11 -18 5 21 -20 6 25 -2 0 37 -2 15 13 39 -6 -33 58 
10 24 -58 8 -23 32 1 -17 -4 -28 -22 -21 9 -31 1 11 19 25 3 37 23 -13 0 -6 -11 13 10 5 -18 26 6 -47 18 11 -37 -15 52 20 -15 -22 15 -15 3 -57 -15 33 -25 15 -10 -9 -21 -5 -3 -5 -5 25 -42 46 -22 -39 5 12 -7 9 45 -24 
38 -44 16 -7 -32 6 26 -5 -9 -7 0 24 17 3 0 1 -15 -44 14 -17 -3 13 3 -40 30 0 -1 28 14 -5 -28 31 0 4 -5 -4 13 -24 32 -20 13 -15 -38 28 -7 -5 -49 -30 17 -7 -24 8 22 43 -2 21 -34 6 27 -51 28 -1 20 -32 -17 15 
55 -2 2 -2 16 14 -19 4 -4 -3 -23 -4 24 -47 1 29 5 -10 9 -18 -24 -11 -3 -6 10 7 11 3 -1 26 -1 28 5 42 -19 -4 12 10 -38 -19 6 14 -14 -42 -14 17 10 21 -26 -3 -9 -2 3 16 0 -31 31 16 35 -27 14 19 21 10 24 47 
14 5 -19 1 5 9 -23 -14 8 -16 9 4 10 -32 -40 11 -11 -20 -9 8 -9 3 -4 38 -19 -5 -13 -2 -7 -15 16 -2 13 6 -8 23 58 -11 4 -18 -8 16 -23 20 -26 -9 -23 -15 45 16 25 17 -2 -8 -39 22 -9 19 -10 2 9 7 -17 39 10 21 
21 -10 11 24 10 -49 -14 -2 11 -27 -13 -20 24 -2 7 7 -11 -20 -4 -28 4 25 -28 7 -19 16 19 14 26 -16 -1 -31 -35 -3 -24 53 -22 -1 32 20 -15 6 41 -5 -5 -4 12 -51 1 -10 -10 0 -3 -24 -18 -7 21 24 1 -22 -12 -2 9 26 -48 14 
-39 -6 -13 50 -41 21 18 37 16 51 -1 8 9 1 5 -1 -18 -2 -4 19 6 5 1 1 16 -22 16 -9 -1 16 42 20 -7 -15 40 -33 14 -1 -4 25 24 16 30 -25 -12 0 5 15 -34 14 3 16 -12 -1 -37 40 -15 5 -16 -13 -11 11 6 32 -38 20 
-1 32 21 -41 -1 11 -11 -36 -6 15 -1 4 -14 -11 7 -38 25 28 19 -24 35 -22 5 32 -4 -19 -4 21 -18 2 -18 -36 20 -35 10 13 33 23 18 24 -14 -5 11 -9 -66 -47 -15 22 6 19 24 -16 6 -60 -13 5 21 17 19 -40 -40 6 -25 -13 20 -8 
-22 7 15 -14 2 43 21 -27 41 2 27 -37 4 12 -28 -9 37 24 -6 -10 -33 -11 -13 1 -11 -1 11 1 -20 32 -45 18 5 13 5 -27 -21 35 8 -16 17 -9 25 -10 -7 -25 -27 -54 -15 1 -5 30 10 -19 -21 -1 -15 -7 18 8 23 -37 28 -18 23 35 
-50 -18 9 -27 0 6 11 -20 -21 -6 -25 -15 -38 3 1 -3 -5 -28 16 -30 -41 -9 1 -4 67 -4 -1 5 0 12 3 -19 26 30 39 22 20 -42 -3 19 -32 -8 -15 30 23 8 18 11 7 6 -15 -34 -14 -19 36 2 4 8 15 -18 36 12 -18 -3 -7 -1 
13 30 -14 8 -21 26 -8 41 18 16 -28 -14 -46 1 -7 -14 31 -5 18 -18 -13 6 37 -1 -10 5 -8 41 1 22 -12 -16 -11 -37 3 -20 18 -22 -5 14 -25 -1 -7 -9 -8 14 -6 -24 3 -22 1 -26 23 -2 -5 32 -4 14 9 -3 12 1 -6 -9 10 21 
-22 -1 4 -6 5 6 8 13 49 7 -3 13 -22 3 14 2 45 -16 -1 11 -4 -13 2 14 -39 -5 25 -32 -12 -18 9 -16 32 -4 -15 -7 -22 -41 32 44 -32 -25 -4 15 36 -5 2 -53 -2 -27 -40 4 -5 -23 -39 59 -30 7 22 30 -8 16 -22 -10 50 19 
-15 -4 -19 10 2 -10 33 -19 -33 -23 4 -20 -27 14 -11 6 43 10 20 18 10 -5 -19 -10 -55 -8 -13 33 -10 -21 34 -4 21 10 -10 22 -6 -9 34 -23 -13 16 -21 -1 -4 22 27 32 -21 -3 3 -13 2 -17 53 37 42 73 -23 10 9 3 0 -19 26 33 
29 26 17 39 -20 -20 37 -51 2 -26 -3 19 6 20 -25 -48 -47 -20 9 7 -8 19 -35 20 -19 17 -10 22 21 -23 9 18 7 9 -19 67 25 -33 -33 -22 -25 -9 -5 6 -40 -6 -23 -10 28 -5 20 -16 -5 -20 -5 20 13 -3 3 0 -5 29 -21 -3 -23 17 
2 -32 1 -24 -3 -34 4 -4 -19 4 -23 -8 -28 -52 -43 16 26 -22 12 -6 -24 -8 -20 12 2 19 5 -27 -17 -1 29 -18 -22 9 4 3 24 30 -8 -37 26 24 -11 35 4 5 -2 20 35 -27 -47 -24 -30 7 -18 -19 -31 -15 6 -32 22 -8 -34 9 -10 60 
25 -6 18 -12 10 22 15 11 1 -1 13 -28 -11 -7 27 46 -6 23 20 11 -15 21 -51 -15 -41 27 -28 18 42 -1 -21 -4 -1 27 -17 -9 1 13 24 22 -9 -12 -2 -5 10 -41 24 -7 12 13 -7 -29 2 2 -11 -15 -11 -33 37 5 -38 9 2 -8 -3 -13 
0 -7 -9 20 21 9 18 9 -36 -29 -25 51 -12 -26 -8 -35 -3 22 15 3 -16 24 17 22 -44 20 -24 -34 12 1 -7 0 -45 -30 -6 -63 -25 -8 -3 -25 11 21 -27 12 -15 -3 -28 -7 -22 2 23 -1 -4 18 -13 -29 9 -7 36 15 -28 15 35 -7 -19 21 
32 18 45 35 -21 -19 36 24 9 18 50 -5 20 7 9 -23 -2 3 -8 -14 10 18 64 0 12 13 -9 12 4 25 -3 28 -8 -10 25 33 -11 -39 -25 15 -29 -19 -4 3 8 -9 20 -29 -5 6 -2 -23 39 18 -25 35 10 -47 -48 24 -17 -23 -33 10 7 9 
-38 -13 4 -9 -28 -4 14 7 -1 19 -3 -42 16 2 21 -23 -3 -7 19 10 40 8 5 -26 2 -3 1 27 6 -21 4 -30 -22 -3 -33 25 4 -42 -2 -21 -10 14 -28 -5 -10 -1 1 5 5 1 -6 20 -17 -10 26 20 15 0 7 -19 -5 -19 -8 -19 2 12 
9 15 -2 13 -12 19 -23 -18 -31 21 7 -16 1 -37 -4 -11 21 11 -13 4 -22 18 -8 -1 13 -33 -13 8 -20 -15 9 10 -29 -18 34 21 35 -23 11 26 33 9 -9 24 -9 -4 15 -17 11 12 12 35 20 -10 10 14 -16 -5 -11 2 -12 -22 -1 -12 -20 -20 
39 47 20 11 1 -22 -19 8 -32 -49 -44 -11 -19 48 -4 0 -41 52 -10 -22 -26 -16 -25 -7 -3 7 -6 -9 10 11 70 -45 33 -13 9 -18 13 -1 -5 -12 -4 24 -25 -6 15 -7 3 25 -22 -15 28 5 -2 27 0 -46 -4 10 -55 -65 -11 7 25 7 -14 22 
0 19 -30 0 58 -6 5 41 0 39 20 2 -29 -17 -22 31 15 -27 11 -31 -15 9 20 -13 -5 -8 21 -38 -16 -19 13 26 -3 22 -5 2 12 -36 -3 7 -14 27 -13 -49 14 5 24 3 -19 18 -52 -7 -33 17 -7 8 -4 -4 17 -32 6 12 32 9 -24 0 
18 -12 -15 -10 -12 15 31 -6 9 -8 -29 21 0 -12 30 10 -12 15 -3 -11 35 -2 -33 -9 1 9 -16 25 37 16 -19 -2 2 3 25 -6 9 6 13 4 1 -2 -20 18 -6 19 -25 -4 -50 10 23 -6 5 7 3 -4 -8 8 -18 12 2 4 -19 -13 16 -3 
-29 6 -6 -11 25 10 48 -4 -36 -13 -24 8 46 -4 5 16 -30 -6 4 27 0 2 -9 -32 30 -30 -5 2 31 -7 -11 -7 18 8 13 21 -22 13 9 0 -55 -13 4 39 -4 28 -40 -27 -7 -19 -5 -1 -35 -1 9 -17 -8 18 34 25 -1 -10 11 6 -6 0 
28 14 16 -17 -14 -10 -23 10 -14 -7 7 -10 -13 4 17 -13 -21 40 -36 27 -26 3 -22 -13 22 7 36 -12 -5 -3 -3 7 -17 -23 -18 -30 -9 -6 -16 -25 14 -30 -5 41 -18 -2 32 -33 -19 -16 4 63 21 4 12 33 -8 -5 23 -1 -37 -16 -14 27 -14 -5 
15 0 -19 0 18 -27 5 -13 -29 1 26 14 -16 3 -39 -45 1 -20 -31 -8 -20 -49 9 -4 -17 -11 -14 20 -9 21 -19 31 12 26 -4 -26 -2 26 -6 24 0 -20 -17 -14 35 -10 -43 3 -3 -18 15 51 -15 17 39 22 -24 18 43 32 15 -4 14 7 5 7 
-10 23 -8 38 12 18 40 -17 -46 39 -34 -12 -5 -8 -44 0 4 -6 8 -39 33 26 13 3 43 -15 -3 -51 11 -20 26 -40 -33 17 -23 14 7 10 -15 -49 -24 -53 16 -26 24 -32 -13 -24 31 -24 8 2 -2 -5 2 -38 -15 15 24 29 1 -20 -50 22 -24 31 
-19 -4 0 -1 -1 5 0 -29 -15 -14 7 -22 -1 -18 19 18 1 43 -7 23 -35 3 -31 -31 26 17 -13 -53 24 5 1 -41 -7 -22 27 -21 2 -6 -2 -33 -9 -17 -4 37 32 25 19 20 -11 -16 -13 -26 -27 25 -21 36 -15 -2 -4 18 27 -23 -16 12 -36 -3 
2 8 -13 -5 -12 -56 -7 -5 -7 25 11 -20 -50 -7 27 11 -24 46 -26 11 52 6 3 -14 24 -21 26 -2 -15 -28 38 -5 -1 20 7 -31 -21 21 -2 46 29 -26 -50 -9 -15 13 -9 -12 -50 -18 -29 -15 9 7 -29 36 2 10 1 41 27 -6 6 9 26 27 
6 2 30 44 -20 11 -24 2 8 22 2 5 4 12 -7 -22 8 33 -4 -7 8 4 12 -9 -9 -11 36 15 -32 -9 -13 9 23 34 20 -37 19 27 -29 30 -8 4 -55 -4 -16 27 7 -12 -12 30 -27 -23 5 1 -17 -3 -40 -3 -37 8 -5 19 22 18 17 -12 
-8 19 4 25 1 -1 -30 14 0 -14 45 3 -41 -73 -8 -17 22 0 11 -2 -14 -21 28 -18 2 15 -20 -25 -14 16 26 18 31 11 -1 19 14 -3 5 -4 -16 -29 8 -33 -6 56 36 -27 37 13 17 54 33 25 11 16 -39 -35 35 28 -19 9 13 15 13 19 
29 -14 25 -24 -39 -13 14 -38 0 -20 21 -8 7 -12 19 -22 -36 16 14 -46 -19 -18 -18 -24 -13 -23 -48 -19 9 11 -13 -13 -12 -40 -20 6 2 6 23 -29 -5 14 31 -24 -19 17 -31 -18 2 -2 -35 -20 -22 11 17 7 -7 18 0 11 7 11 16 -28 27 -32 
17 5 -39 11 -12 -8 -14 -10 37 -21 -21 -1 -10 -13 -33 -11 26 17 4 -16 29 20 20 15 6 17 26 52 -10 49 5 12 26 18 41 -4 -9 -13 -2 -26 30 2 11 -16 -27 40 7 -2 13 2 -6 27 -12 18 1 -16 -27 -29 28 11 -6 -14 -72 -6 18 3 
-25 47 0 18 30 10 8 30 -10 -7 21 38 -25 -28 36 -11 2 -1 27 23 18 -43 1 0 2 -14 -17 30 14 6 -17 -25 36 13 1 -29 35 12 -6 2 -46 -2 1 -16 -3 -18 4 25 -4 -36 13 -5 -6 12 1 4 25 -23 6 23 15 58 2 19 30 -6 
9 12 10 17 -11 38 3 21 25 -28 34 -5 -11 -7 -16 -7 0 3 -13 -19 42 2 -4 12 -7 -35 36 -27 -16 -22 25 36 -8 -34 -22 -21 -37 24 10 15 -13 -42 3 2 -18 -33 10 -26 0 19 36 15 15 16 15 24 17 18 -1 -30 30 -2 8 -16 -15 17 
-16 14 -41 16 5 19 -31 -45 13 -25 14 23 47 3 40 -40 -19 9 -6 25 16 22 -10 -15 -18 1 -10 -29 -35 45 50 10 33 13 -3 -17 -6 9 11 7 -43 -25 9 -37 -1 43 0 18 -41 -28 17 25 -18 32 0 -23 -3 -13 19 -7 30 -42 5 10 35 -32 
-2 2 30 -10 9 24 -21 14 -7 -34 10 20 5 -3 0 -23 6 41 -21 -13 -5 47 -30 2 14 0 14 4 2 24 3 -20 16 73 31 -21 -23 38 48 30 -25 28 4 -12 -24 12 -5 -3 -41 -17 -11 -12 15 -11 8 2 41 -13 21 6 -18 16 33 39 18 -14 
-6 25 17 -31 25 -15 20 7 1 -19 16 -19 50 -17 0 -13 -45 -42 17 16 42 23 -15 19 10 15 -7 -15 4 9 -16 18 27 -46 -32 -13 -6 13 -7 -12 21 -2 14 13 -17 -1 11 41 -33 7 -5 -36 -38 -6 55 35 -3 0 16 16 -9 -2 5 -50 -3 27 
47 -13 8 -24 1 -5 -15 -9 -25 37 29 -4 -38 25 -10 -4 3 21 -8 23 -10 6 2 -19 -1 20 0 -26 -22 9 -8 5 34 17 4 10 -21 -23 18 35 18 30 18 18 -31 21 -1 7 12 -2 5 -30 -3 26 6 -4 -38 1 -7 2 -51 -34 32 18 -6 -17 
-43 -12 14 -31 23 18 -37 7 6 9 11 18 55 -23 -37 8 7 20 12 -18 18 27 -17 18 34 -23 3 -17 4 -19 3 29 9 -15 10 2 5 8 31 46 29 40 16 -31 -32 -7 6 10 -38 14 -13 -19 -13 -32 28 4 -21 -30 0 26 -38 49 20 22 54 12 
32 22 26 -42 -8 18 -1 13 31 -33 30 10 -26 2 -6 -19 28 4 -9 -16 10 -7 5 11 22 15 16 -38 4 -14 4 7 5 19 3 2 2 5 18 17 -6 41 -4 -3 7 -6 27 44 1 9 6 31 45 15 18 -7 11 7 -4 -4 -1 14 25 -17 7 -27 
-37 7 -5 5 8 -8 -35 -7 10 15 12 0 1 9 -10 -1 -6 15 -23 19 -17 -37 6 16 -6 -2 -12 -21 10 -2 2 -68 17 -16 -45 -12 42 -7 11 -3 -6 12 -10 5 -9 -24 6 2 14 -39 -16 -18 -24 15 2 -30 -19 11 49 13 10 45 -22 -13 36 -14 
24 20 35 -8 20 -19 23 -49 34 -1 -5 -24 -9 38 11 9 -2 -12 14 1 23 5 7 -13 10 73 23 47 -1 -15 -14 10 16 5 -32 11 -14 -6 6 34 -37 13 -35 -35 23 2 -30 -3 -10 -31 61 -37 25 0 26 -10 -18 -48 19 12 -8 10 -11 -67 13 12 
-39 -34 26 9 -11 15 -15 7 -7 22 41 24 37 56 13 -12 -19 4 7 -7 -1 21 0 -10 -4 -19 -43 6 -6 -11 -13 8 5 -33 -5 -17 -18 -22 -17 2 -16 -6 4 -13 -19 6 -12 33 14 -18 24 24 30 31 -8 2 -9 10 -40 24 -10 -16 7 46 -39 14 
-38 -22 -27 -10 -6 -11 8 -9 18 -43 9 0 9 -20 -10 -32 4 -13 2 11 -4 48 3 -6 -22 25 10 11 -8 30 -18 2 0 -2 10 10 35 -20 35 36 21 -5 -31 -24 -9 16 1 -18 -23 45 -9 18 9 -19 37 -4 3 9 11 -33 -19 14 24 -1 13 17 
-8 -3 8 -24 -11 22 1 -15 6 9 -17 -24 -11 -35 7 26 -33 -2 12 -10 -59 11 1 29 4 1 29 -4 6 -46 -14 14 8 30 1 5 -21 12 -13 -12 -21 0 41 7 -29 5 -26 6 -57 -57 18 2 -2 -10 -20 -24 -19 -23 8 12 26 -14 16 57 4 6 
-15 28 17 20 -9 3 -3 18 -33 3 1 3 -22 27 14 20 19 -16 2 12 7 19 -6 -32 -15 1 15 40 24 -19 19 -20 -1 27 -24 -11 -17 -1 -55 -11 10 0 54 28 -9 16 -17 -37 -6 19 -47 -12 28 2 4 34 -19 26 20 5 27 10 12 -6 26 24 
2 -17 -26 43 -38 -29 11 -16 -6 -4 -10 16 0 -31 1 -16 -45 -17 50 64 -21 25 -9 3 -17 -3 -14 12 -15 22 -48 -8 14 -32 12 -46 2 9 16 -3 -1 -18 -21 22 20 -6 40 34 -20 12 36 15 9 6 -38 -13 -10 20 -2 -19 17 13 -33 -21 46 3 
10 15 0 15 7 -4 20 -14 -3 -4 -4 4 10 -17 5 13 -6 5 4 8 23 23 15 24 3 -13 21 -14 -28 27 -14 -11 -13 8 -6 -3 13 20 25 16 -1 -21 25 35 12 -16 32 -10 -13 32 23 -13 14 17 -45 -7 -10 11 -25 18 24 -15 18 -3 0 -8 
16 9 -6 -27 -21 -3 -1 33 -19 2 -17 14 -11 -6 -12 23 -32 24 -31 -21 -22 9 -25 -30 3 -15 16 8 -16 -13 -27 10 -2 34 -4 -11 -1 -29 13 9 18 -5 -23 -16 11 23 -50 7 34 11 25 -6 -30 -2 37 4 29 -28 -28 2 -37 -9 -1 35 2 27 
-51 -9 6 21 -8 -47 -27 26 -3 1 58 -14 1 13 11 3 0 18 -13 13 10 -17 -29 41 25 -11 -12 -11 -11 -34 -80 -40 -1 11 7 16 18 -23 -15 -35 53 -29 -1 20 13 -2 -4 -2 32 4 4 37 0 13 31 -10 15 -61 -9 41 -11 -8 26 29 5 3 
-21 -21 26 -18 5 -26 1 9 5 37 -7 -9 19 26 11 6 -15 -17 -6 -5 55 -35 -10 59 -5 -18 41 10 -46 12 6 13 4 28 -31 29 25 8 -11 -13 -10 52 10 3 12 -6 -25 25 -13 -24 -10 51 32 -5 10 3 7 -6 0 0 -33 -42 12 -26 12 17 
4 -3 -13 16 11 28 23 -14 0 -22 18 -4 38 2 8 -7 11 0 -1 -6 6 30 16 -1 -11 4 -1 -18 -16 -2 -5 -1 -14 -34 -6 -29 -11 -6 5 15 9 -32 2 -1 -45 -34 -11 -19 -8 -2 7 21 49 2 19 -26 6 -14 23 29 13 -41 66 -78 33 -4 
-22 -32 -18 -18 -6 12 6 -26 -14 7 40 -16 22 15 46 -8 -42 40 8 4 0 -17 -23 21 24 -15 1 -2 27 -22 41 -11 -8 -4 -12 -19 -43 44 -8 22 0 13 6 9 7 5 12 27 25 27 4 6 6 -22 0 -7 35 30 -37 -6 -12 10 22 18 49 4 
-13 46 -5 26 -21 19 54 -13 3 5 12 28 27 -52 -12 23 -8 18 -18 4 -30 3 -18 -11 25 -24 23 -10 14 -3 22 48 -5 -6 -29 16 28 -5 41 7 42 11 -2 -35 25 6 3 5 -10 31 -2 -32 27 -23 -2 0 58 -14 -7 5 -3 37 -10 -27 21 27 
-15 -9 9 -40 -2 2 -64 -9 12 -3 24 43 -18 -15 -7 18 5 -21 18 -9 21 -21 42 -13 -16 -20 42 2 15 2 -12 21 22 8 11 0 7 19 5 -14 16 -44 -2 7 -2 -26 -15 1 6 -8 3 -1 2 -8 -1 -34 22 5 23 -4 -43 -5 22 -38 -15 13 
-26 7 11 -12 -14 19 -1 8 16 18 -39 20 -40 -4 7 24 -21 7 -23 -2 -30 20 -52 -15 25 -20 27 -17 -9 3 -31 1 -14 28 -2 -17 0 -33 12 44 -4 -31 8 37 38 -20 64 14 6 20 -9 -20 27 -21 8 -17 5 0 0 -2 0 25 -37 35 8 0 
-1 9 -7 -8 -4 -1 30 34 10 17 11 8 -34 11 -25 1 2 -1 43 -30 -41 -11 30 -30 5 5 8 34 21 22 22 -32 -37 43 -34 24 -21 -8 -8 3 21 41 59 -17 12 -34 27 26 36 14 -11 -5 35 -17 20 27 -9 7 -27 -11 -19 -52 -26 20 15 -26 
-47 -19 -8 -23 -6 -11 -2 -33 31 -22 18 20 15 -17 -38 12 21 8 -34 -8 4 49 -13 -3 8 2 24 26 -24 -2 -4 42 -10 10 32 6 24 12 20 16 50 19 8 51 6 -14 -7 13 -18 -6 -18 0 -17 -18 -22 5 -13 -30 -26 -9 -24 -36 -19 -12 -9 44 
-19 -37 -27 33 -21 -1 -24 2 27 50 10 32 -28 -5 -21 -10 -20 19 -17 -18 12 18 0 -25 -24 -1 -19 17 -4 1 11 24 -9 4 14 -21 -21 -2 -21 -57 -6 6 37 26 -6 -11 20 4 8 12 -62 -2 16 16 -38 29 0 8 -31 -37 34 22 -6 -3 10 10 
-10 6 -6 -4 -27 -67 -24 -65 -36 20 -24 -27 43 -10 -24 6 25 2 -9 -1 10 14 -20 10 -21 42 10 -19 -2 12 8 -11 3 -23 2 -11 -14 41 21 -36 4 16 9 -6 33 17 -36 -15 -18 13 -5 32 -19 -4 -31 -18 -17 -7 6 39 6 26 -20 1 -7 -22 
-48 -24 -39 29 2 -36 21 8 -8 2 21 -7 11 51 2 -27 31 -44 7 42 -11 -24 -15 -4 2 1 8 -18 24 9 -8 25 -12 -9 -18 -12 -7 -8 -4 -35 22 12 3 19 1 8 -8 45 -16 25 8 -49 28 12 -3 16 -23 18 6 22 -13 -4 26 -32 22 8 
10 29 31 27 -17 8 21 45 13 31 -45 -21 1 10 -43 33 28 4 11 36 -37 0 42 5 20 33 -14 -20 22 23 12 10 10 -12 24 -5 -17 39 -31 7 -2 -33 25 34 -5 -9 2 -8 -19 -6 -2 28 -10 20 17 0 5 -3 0 -40 -33 -18 32 -26 -46 8 
17 36 18 9 -40 9 40 9 -25 45 43 26 -25 -2 -36 -1 8 12 -17 1 -42 17 14 13 -47 -34 4 18 -5 -3 -23 29 27 -13 40 -8 11 -21 4 -10 -11 46 -2 15 -5 21 14 42 33 -16 -21 6 1 5 14 -24 -1 -46 -43 -2 -17 14 -7 51 -6 -22 
-14 6 -9 18 9 -14 26 -40 -20 51 -16 35 6 49 16 2 -24 5 9 29 -5 0 -19 -40 22 -34 18 31 28 -13 -7 0 -19 14 -19 17 -16 -13 20 -6 -23 -26 7 8 -12 5 -22 6 35 -4 -15 12 -24 -14 37 -26 -3 24 13 -26 24 -25 12 18 26 -27 
16 -30 3 40 24 2 -9 -29 -6 -7 26 -6 11 10 -36 3 2 -9 1 7 -1 -44 -4 28 15 -41 -21 -41 4 -6 11 -46 2 8 2 19 -35 15 25 27 2 -12 -36 36 -26 5 -16 -10 -20 -2 22 -9 9 31 37 8 1 16 -9 16 23 3 -34 0 -48 -4 
-2 14 28 -36 -22 1 1 10 28 -25 -2 -3 51 3 5 -20 -25 6 -28 -3 -25 -40 13 12 17 9 23 11 -13 35 -63 11 -10 -16 -1 11 8 19 -12 2 -17 -4 -34 -1 1 44 -14 24 8 -30 15 22 -1 -24 -2 -4 12 -34 -6 -27 14 13 -8 12 15 -32 
-18 -27 -18 -3 -4 -29 -15 13 -18 27 -9 -17 -37 18 -2 -3 34 -22 -14 8 -10 16 22 -24 -55 -19 -16 -35 -25 -19 -28 15 13 12 -30 -3 -7 -10 -19 -13 33 16 -26 -22 -13 8 5 -6 1 -27 -40 17 -8 -14 33 29 -7 38 -25 -15 4 49 3 6 -7 -26 
0 -22 -1 12 0 -29 -13 -33 -14 37 -2 -13 -13 -33 1 -19 21 -27 18 -9 6 -36 -22 -37 10 6 -24 7 23 -8 -24 -11 1 -10 -1 0 -6 -42 8 27 16 -10 -42 53 -18 30 -32 -54 -24 -23 -17 11 17 -14 24 15 -15 27 46 2 17 -29 -20 23 21 0 
20 14 -17 -54 11 -1 -19 27 7 14 -3 -8 -30 27 0 16 -11 3 -5 13 18 2 -32 32 -35 -13 -15 12 -21 -21 -11 0 4 3 -13 25 -13 3 19 -17 -52 9 28 -35 7 54 12 -4 -28 -39 -10 -9 -4 31 0 41 21 -14 -1 -8 -12 4 7 -1 -15 -12 
-13 -11 14 -11 -17 -17 -1 17 -14 21 -27 -24 -35 0 -37 15 -1 5 49 2 -40 11 1 42 -7 -9 15 -29 -13 18 -23 -31 -13 15 -14 -1 20 24 -10 19 -9 7 -1 34 14 16 8 4 -13 -34 11 2 24 1 -32 45 7 16 14 -12 -17 -7 21 11 2 -39 
-8 9 -16 -24 33 -35 -13 -34 -21 11 -11 7 -4 -36 12 -53 3 18 3 -18 -27 0 12 14 4 -25 29 20 -5 13 -13 -15 15 -15 37 -19 49 -25 29 -19 1 1 8 11 -32 -28 2 -5 2 23 26 -6 -22 -17 -22 11 5 -20 3 -34 19 49 23 8 20 -37 
-7 1 44 6 15 -20 -15 -3 6 -32 19 -4 -4 17 -3 19 13 23 31 20 -44 -21 15 -19 -25 -4 -7 20 41 -32 -4 3 12 20 -8 2 -34 1 -38 -7 -20 6 32 -44 -4 3 0 24 -7 -8 8 3 18 3 -10 -4 -37 -14 5 -7 5 27 -29 1 -32 3 
566 45 926 144 734 763 871 837 594 740 706 803 652 481 505 32 51 103 912 601 382 666 471 113 946 260 787 457 708 783 14 102 744 905 385 722 914 421 671 314 651 394 813 308 928 723 570 316 469 205 127 730 937 512 552 567 226 720 456 155 357 574 690 851 358 557 
288 171 892 65 169 407 697 314 441 275 735 104 776 528 562 345 515 937 216 446 727 148 850 727 836 689 430 783 262 31 132 80 368 842 848 558 128 428 909 423 645 573 714 598 625 238 83 285 386 800 317 885 862 125 861 683 656 210 814 463 980 746 195 548 187 235 
150 182 588 428 397 495 993 617 455 981 925 266 158 16 791 76 590 660 780 943 513 800 635 246 198 485 881 506 674 631 34 73 988 466 165 787 213 600 716 814 741 358 490 534 369 524 626 886 211 339 275 380 769 152 632 945 607 279 783 865 168 185 126 929 355 88 
615 188 412 809 141 508 815 107 881 590 536 667 416 459 861 301 675 456 725 95 447 760 657 301 614 669 132 220 144 456 313 888 663 443 484 321 582 409 808 482 464 554 555 380 648 656 398 432 541 958 931 661 304 809 72 854 390 675 756 444 249 34 421 199 424 891 
560 886 27 683 490 143 407 631 335 503 338 765 440 434 676 643 898 859 569 452 217 929 33 417 171 297 842 930 334 485 186 944 365 514 78 441 477 209 505 149 673 598 30 95 960 891 18 979 981 745 661 154 776 99 41 454 20 405 167 623 204 506 305 918 199 250 
700 722 374 526 626 134 385 994 904 191 273 328 154 432 633 999 425 235 524 943 307 436 925 537 690 326 278 612 424 665 245 786 783 978 749 964 286 84 200 396 938 428 282 541 256 608 306 239 516 118 465 236 418 503 526 87 784 388 562 900 316 235 99 397 856 940 
201 197 231 134 963 819 683 133 697 285 723 23 878 193 152 817 583 657 131 51 984 850 823 184 512 42 941 425 80 280 953 328 507 672 94 334 150 215 831 83 606 140 816 711 991 247 239 741 116 721 323 41 374 22 217 352 695 408 844 920 361 489 649 683 748 556 
123 255 116 147 485 289 531 481 652 912 428 953 405 210 412 310 70 346 506 744 353 754 405 527 483 146 723 371 346 545 650 521 557 89 225 652 787 856 254 619 180 586 529 911 543 359 691 538 8 254 973 248 310 774 174 306 485 300 990 872 392 549 835 944 19 927 
289 953 443 865 720 576 532 455 868 183 219 689 656 251 75 409 449 956 900 486 844 122 904 587 854 533 927 571 365 433 209 939 98 163 652 492 565 681 651 567 618 164 461 697 625 553 305 612 882 452 778 348 643 782 878 285 494 229 562 362 343 89 370 537 497 401 
988 768 469 261 708 490 29 9 125 284 118 965 503 649 328 119 8 837 836 779 308 703 14 408 46 269 477 357 201 48 64 218 498 530 444 659 448 519 521 99 271 606 96 745 218 55 712 307 458 385 29 266 338 511 352 342 635 804 765 280 577 204 757 593 203 142 
175 530 371 922 952 747 440 963 203 955 846 274 622 5 228 791 462 697 281 431 976 212 291 824 81 470 361 501 543 612 24 756 433 588 986 39 222 985 973 977 638 307 511 347 618 946 413 729 238 751 190 943 675 929 958 486 689 230 181 412 712 91 351 988 197 195 
503 306 690 628 461 344 417 587 664 275 74 315 483 107 904 521 399 125 903 874 227 516 240 855 417 691 211 494 802 872 481 111 822 549 747 897 668 598 86 348 426 838 409 936 423 955 747 275 81 206 491 673 510 229 484 65 492 298 826 760 484 834 151 269 115 614 
796 198 264 472 641 518 887 209 691 369 974 337 877 709 671 233 72 833 982 350 978 144 426 558 988 869 843 401 736 781 134 864 153 319 944 847 166 433 993 281 655 757 3 156 678 221 193 223 133 823 264 685 985 788 698 940 263 279 594 130 732 481 980 537 53 397 
946 466 445 445 616 899 185 896 797 678 264 735 593 72 693 463 977 17 409 952 899 904 377 348 204 114 19 334 235 522 655 449 110 491 645 275 936 610 704 734 980 135 132 943 610 546 826 396 489 162 874 675 939 459 59 600 265 759 477 71 55 241 11 862 16 310 
490 327 659 287 698 405 620 618 161 477 922 147 908 512 324 445 917 662 948 295 946 574 701 427 984 894 433 846 541 693 514 801 679 447 310 767 897 721 831 740 121 159 53 728 39 858 489 66 114 373 628 351 767 318 690 834 214 849 547 753 932 342 243 573 717 907 
969 259 622 592 486 612 735 388 192 670 148 865 323 272 390 601 703 423 30 510 677 422 566 162 201 353 82 553 837 110 296 747 478 2 446 928 702 453 810 110 541 549 443 413 136 370 848 942 167 634 341 224 313 92 281 682 293 214 436 525 56 315 718 914 176 770 
883 125 457 656 735 976 48 586 838 80 511 759 881 586 31 662 579 896 499 85 804 353 730 538 40 362 126 645 695 933 6 709 317 684 203 196 949 898 50 28 81 433 970 550 926 879 114 840 715 561 961 236 720 545 285 315 505 595 113 298 187 502 839 602 184 587 
71 633 176 117 416 550 564 789 65 411 405 791 564 849 705 764 910 55 776 128 92 914 626 87 372 757 203 707 975 792 830 549 898 869 366 235 90 522 889 297 362 372 59 273 623 244 379 100 156 945 434 585 574 656 944 689 591 26 956 197 585 486 834 988 169 421 
396 147 19 642 638 316 911 813 33 174 184 567 401 612 72 532 333 571 555 267 197 937 424 849 898 384 826 522 905 186 434 892 277 113 175 669 494 60 677 768 839 241 833 723 996 219 985 938 133 756 378 922 808 713 526 146 597 864 107 317 740 43 129 306 938 953 
726 136 674 873 780 601 39 323 750 687 919 200 549 804 685 729 496 83 585 537 509 597 394 610 65 729 984 323 368 116 357 239 377 720 720 416 114 331 150 940 76 339 253 122 290 27 766 155 382 861 941 216 48 488 465 554 681 425 852 627 320 881 512 979 997 170 
178 166 896 477 223 438 335 126 164 308 344 803 841 406 977 328 944 761 3 952 185 385 207 741 110 354 254 88 248 180 658 553 332 732 277 381 152 947 417 654 243 322 411 410 703 982 321 851 547 172 115 675 489 2 329 572 445 663 227 568 483 403 828 170 590 876 
171 810 938 17 825 851 63 327 419 19 300 762 933 443 778 31 136 170 197 708 500 774 798 410 381 652 370 255 466 599 1000 215 572 243 722 557 475 398 41 319 278 325 426 95 604 188 824 968 659 649 338 363 512 455 495 382 806 620 953 890 456 51 646 900 459 270 
299 785 217 710 152 357 300 578 488 565 630 563 221 452 522 69 820 877 330 867 813 114 601 440 965 953 763 398 411 34 605 70 572 187 157 281 294 407 340 621 734 201 954 834 417 744 408 641 708 249 743 584 569 466 294 899 885 682 271 220 196 729 101 561 661 897 
585 913 703 808 816 218 148 723 120 928 996 169 921 857 156 831 429 704 518 309 137 766 103 173 654 955 788 601 627 304 154 231 830 728 955 841 15 948 903 263 977 9 374 837 265 678 18 761 804 392 607 226 133 258 931 929 738 89 328 952 860 259 433 891 831 174 
732 848 274 27 722 591 413 866 430 8 648 878 289 257 679 252 623 436 211 360 742 426 520 757 423 25 861 770 868 485 817 33 650 542 61 695 734 13 458 294 591 423 168 41 550 304 443 741 108 692 764 393 374 719 579 22 111 905 292 646 59 481 517 401 753 194 
878 367 977 191 951 620 184 733 824 320 631 446 514 721 768 964 300 792 46 930 870 656 835 262 632 120 229 912 288 835 179 279 422 378 330 318 475 571 293 250 366 171 639 539 697 56 911 86 24 827 614 412 813 617 1000 800 998 767 161 227 478 391 88 876 674 219 
956 198 399 162 644 450 268 475 872 837 175 941 512 615 718 609 218 851 790 812 590 485 988 233 91 162 273 668 86 670 403 794 789 385 585 131 391 291 92 564 458 633 339 657 459 937 275 480 765 119 288 172 366 807 845 288 571 815 515 548 46 748 509 405 229 377 
219 466 568 39 710 244 103 992 890 357 759 150 572 36 971 984 107 181 41 876 782 656 605 391 770 941 454 738 729 615 282 153 117 678 370 39 467 866 649 177 599 215 328 85 220 928 528 769 291 189 961 548 421 147 543 910 481 513 464 720 684 491 297 322 306 418 
810 631 183 968 971 357 616 926 150 648 641 124 956 143 4 17 271 527 843 772 871 872 123 680 99 373 8 566 25 593 311 413 31 568 196 534 880 686 105 698 644 832 634 482 380 237 41 727 500 810 55 231 790 164 804 395 565 486 949 598 752 961 260 715 40 511 
140 356 104 751 761 67 210 118 3 100 646 320 482 486 695 712 877 721 671 693 527 648 715 297 550 611 559 136 819 595 562 662 773 911 650 788 646 486 453 971 414 734 181 815 814 180 372 400 765 344 592 175 432 294 249 464 531 781 619 58 70 655 434 37 382 507 
275 875 323 959 495 657 340 444 260 448 52 815 518 272 443 611 508 199 986 23 63 235 309 792 796 670 506 263 788 245 729 10 487 794 758 428 265 186 437 429 890 5 663 796 304 932 642 179 427 16 324 495 466 376 428 216 435 746 596 990 224 591 146 711 909 91 
134 468 507 74 702 164 661 757 528 286 617 673 194 194 887 648 951 578 799 26 912 260 185 661 353 383 47 564 746 39 732 632 847 654 431 18 268 414 210 647 123 48 40 919 542 895 509 954 472 252 846 903 325 509 817 717 885 776 57 456 257 719 941 209 846 957 
237 104 909 296 781 187 27 754 450 165 507 567 343 676 330 423 206 322 518 729 502 527 874 357 48 558 861 824 789 889 516 75 202 744 989 386 476 630 138 659 635 434 657 769 677 111 18 561 647 126 922 201 213 323 711 855 41 313 963 454 412 567 753 654 94 559 
421 468 772 312 741 694 311 747 107 599 606 748 234 275 685 402 825 852 286 790 466 104 8 346 111 224 156 526 327 443 866 388 367 782 684 287 760 200 176 369 263 676 706 155 773 246 462 275 998 750 787 704 55 766 33 169 128 161 181 664 798 45 132 127 323 355 
765 103 960 750 677 527 492 659 273 141 781 298 441 721 514 892 338 852 907 258 721 480 110 309 200 43 126 984 447 673 202 65 669 908 604 536 506 329 408 781 777 176 357 40 195 43 345 251 576 553 734 928 423 844 641 847 837 608 28 906 413 732 16 835 102 765 
312 864 769 549 484 796 383 500 935 622 950 544 111 431 260 794 141 534 862 939 306 714 385 620 852 327 368 610 541 106 332 321 403 620 176 324 196 635 784 678 541 499 82 751 404 481 930 35 268 441 153 593 560 751 55 669 746 589 552 52 916 742 885 530 108 842 
776 784 71 897 72 407 220 839 151 224 194 816 53 393 621 401 22 412 186 470 813 347 769 292 745 547 314 992 927 279 797 666 803 530 262 656 107 881 582 133 950 527 643 560 867 56 507 489 84 995 538 311 819 707 187 677 996 866 591 681 442 766 251 600 571 475 
402 83 291 668 533 256 464 450 687 13 251 379 4 392 18 900 200 495 48 970 213 833 345 852 237 642 813 623 548 891 585 76 946 235 351 798 721 118 473 925 451 716 151 503 970 573 121 541 61 148 248 234 737 347 469 431 181 164 994 815 614 3 352 389 762 176 
901 739 285 595 111 749 392 401 849 632 99 245 417 819 573 917 491 199 554 104 512 673 608 982 962 760 503 701 87 472 947 779 97 459 177 572 678 830 233 618 413 195 71 323 354 28 87 858 791 616 243 272 37 42 553 199 558 900 335 927 807 589 367 540 559 94 
415 420 896 380 758 582 477 562 403 151 811 999 855 327 283 576 446 965 562 401 560 629 377 362 517 575 859 850 646 656 19 198 699 756 919 423 910 186 115 719 193 894 8 517 436 100 739 33 715 203 342 883 842 631 527 372 363 459 779 69 756 205 276 170 409 991 
357 150 895 495 985 724 41 524 746 718 583 554 427 53 57 312 981 639 832 308 228 779 880 545 98 946 827 373 175 655 237 832 700 333 545 558 193 869 320 647 60 689 764 315 853 933 760 418 126 687 126 10 283 987 298 617 404 242 121 303 90 334 317 793 99 508 
797 217 671 810 617 820 445 304 294 150 941 19 229 519 492 831 464 97 464 968 588 109 164 727 898 311 485 935 889 264 46 766 396 686 57 980 295 423 785 634 830 795 985 710 260 643 726 558 104 557 849 159 116 136 613 778 712 334 25 887 653 398 677 252 63 484 
463 16 769 426 591 512 44 942 361 799 510 789 807 344 44 176 537 550 886 412 90 856 990 707 321 840 449 944 817 573 57 940 755 364 316 682 724 711 731 922 228 923 289 22 46 940 755 399 944 678 531 323 466 332 953 411 26 162 100 463 288 457 787 865 183 121 
414 545 455 222 667 15 716 261 348 1000 262 190 159 156 43 190 282 602 370 294 786 178 264 797 667 268 463 331 75 325 591 699 11 713 1000 262 429 987 796 815 610 607 807 683 130 7 312 506 728 27 620 287 2 811 729 628 883 95 723 307 917 249 545 206 623 183 
78 867 196 483 269 269 808 755 491 531 253 993 690 707 199 4 158 166 719 368 765 279 269 642 186 949 492 873 562 964 991 476 989 620 345 259 784 728 126 538 830 440 521 700 698 900 460 150 48 204 108 164 209 96 594 656 550 202 499 732 942 794 178 724 5 455 
995 851 336 467 448 932 236 203 177 700 132 111 970 200 718 764 161 450 234 631 193 258 690 70 157 824 148 968 768 97 51 594 215 988 547 248 534 332 62 282 164 812 268 716 538 9 246 333 41 433 708 562 661 856 400 932 671 141 132 736 285 326 827 959 980 930 
1000 709 906 688 699 718 358 782 326 476 848 668 771 414 7 460 239 392 526 99 303 345 7 506 452 182 896 757 277 395 581 948 583 717 904 801 328 207 345 310 312 656 141 597 488 95 619 875 476 337 524 708 275 28 108 522 310 626 3 225 578 708 730 74 995 801 
653 14 666 763 832 458 939 693 12 329 434 388 972 861 664 697 858 403 467 503 730 374 338 510 427 105 532 877 615 796 477 614 110 19 240 588 445 769 881 304 191 573 514 169 39 28 529 271 565 264 490 770 148 606 694 619 564 75 825 881 817 463 702 608 634 658 
945 728 672 183 470 579 101 676 892 223 532 61 915 840 146 617 774 161 412 201 214 984 150 470 148 345 140 993 456 862 134 316 563 533 106 27 551 351 718 26 134 635 236 411 70 774 285 553 681 960 687 878 547 910 102 387 726 841 796 34 942 808 297 643 349 765 
511 147 962 119 663 478 489 372 442 267 728 942 834 65 598 264 135 212 265 13 95 842 295 373 390 716 705 139 643 553 462 20 906 34 522 588 134 861 642 371 173 367 754 918 938 127 224 416 437 200 388 948 91 713 739 770 270 204 616 537 863 627 794 588 559 864 
63 59 517 28 483 632 218 174 948 636 336 780 853 209 172 704 282 381 496 618 691 466 879 593 986 102 374 369 471 372 273 762 527 143 755 822 947 604 340 528 211 444 670 25 433 430 999 625 467 926 276 94 464 107 600 636 516 516 817 258 499 626 16 329 246 820 
888 472 973 554 577 220 888 746 985 370 33 248 886 607 387 104 683 655 621 478 571 151 697 837 194 72 956 925 983 715 4 734 444 398 480 160 282 66 353 357 793 891 297 389 984 288 882 412 27 468 116 221 674 894 783 918 72 613 992 607 686 509 363 876 606 842 
886 213 285 234 669 789 968 111 678 956 470 821 878 699 637 468 289 131 466 496 945 237 413 674 748 358 225 843 984 25 634 361 688 902 872 546 204 981 953 976 479 137 788 386 622 627 868 277 807 401 378 318 324 694 231 154 230 256 726 515 816 95 571 995 367 697 
612 817 270 895 199 578 407 397 260 859 458 951 964 149 927 217 124 4 13 99 700 617 94 507 319 689 776 931 906 700 207 579 625 171 126 419 486 447 162 271 11 780 358 715 201 176 412 209 357 118 73 536 782 698 339 555 853 290 102 654 46 578 915 952 664 437 
686 425 495 928 429 424 546 840 173 828 179 408 377 271 213 893 37 486 902 156 28 589 576 486 729 998 887 311 934 772 484 978 610 658 430 452 36 37 898 262 891 970 363 943 183 723 781 4 484 785 937 138 135 152 146 179 330 884 828 845 376 938 733 604 46 623 
911 836 972 236 8 841 963 729 92 20 190 575 272 348 167 170 176 412 259 351 706 569 859 257 137 596 501 317 373 126 439 259 121 574 924 175 261 124 16 967 953 300 226 42 995 639 439 509 682 61 72 810 25 380 559 557 375 36 116 788 23 715 852 547 738 510 
48 522 437 855 416 25 502 465 224 463 567 705 826 826 238 668 660 593 981 571 736 552 784 877 524 655 927 626 849 506 679 801 983 429 117 488 606 276 322 269 604 640 946 88 5 407 581 554 636 522 116 749 165 967 495 850 3 391 439 273 537 192 340 266 907 387 
570 996 84 604 579 993 670 834 673 528 567 293 461 26 233 527 586 710 748 532 682 175 256 307 825 336 469 439 414 159 777 769 977 542 687 572 562 34 359 29 896 308 864 511 856 604 92 94 27 740 509 780 687 215 919 676 682 549 360 12 50 213 165 590 517 575 
785 528 589 675 89 543 639 52 6 743 953 674 26 491 161 509 950 744 785 962 255 255 709 768 834 512 724 458 787 58 384 155 465 833 569 31 784 994 491 270 564 887 521 749 186 929 917 282 649 143 498 497 787 474 459 157 141 871 315 111 947 108 504 775 816 329 
512 983 167 915 183 192 249 368 83 851 512 91 100 378 89 61 412 407 444 159 907 832 61 926 320 495 32 490 487 709 659 701 355 79 82 443 476 306 220 101 559 371 633 369 906 971 903 903 775 641 100 331 263 16 383 640 151 671 615 220 667 797 18 359 224 515 
787 448 831 562 940 393 821 281 903 510 316 589 676 14 834 633 379 82 738 780 57 587 583 873 401 817 287 660 210 885 18 80 134 406 484 76 870 895 555 474 414 493 943 251 544 438 432 245 19 967 959 632 258 298 108 533 163 638 928 266 55 429 910 428 744 925 
615 957 818 487 820 964 681 269 851 221 723 823 362 84 736 897 949 764 655 967 480 736 150 112 497 465 428 806 943 988 566 810 805 776 680 925 448 814 274 8 414 613 579 644 232 926 788 445 336 130 220 305 864 545 777 792 919 380 194 825 655 516 678 969 824 176 
318 860 538 464 197 940 588 714 249 263 294 635 745 176 94 869 653 954 579 303 632 437 987 448 786 402 927 62 552 225 158 574 985 526 488 673 973 454 744 504 384 440 617 60 495 561 384 990 213 457 357 654 51 779 715 811 987 42 887 289 259 630 277 976 823 735 
26 714 31 647 1000 113 961 357 275 145 962 881 383 461 607 725 1 357 708 378 395 508 965 788 350 109 698 259 589 751 468 356 692 455 780 23 225 845 336 583 966 184 747 836 12 524 180 590 91 230 463 655 181 868 178 743 873 1 439 359 11 809 861 316 426 98 
482 737 852 37 12 10 613 744 767 699 411 296 719 855 590 481 988 6 843 895 190 122 882 328 170 57 958 111 590 385 671 799 54 577 857 132 634 717 676 443 347 562 998 816 891 163 986 315 620 192 108 738 976 386 94 480 222 623 315 43 914 106 957 661 554 469 
820 767 170 485 888 821 462 424 910 913 860 623 83 35 890 795 477 884 791 972 840 88 139 85 467 557 285 109 543 910 305 84 912 930 946 607 39 514 384 304 847 940 884 335 811 648 974 236 697 770 677 993 255 92 763 430 131 37 772 990 210 967 754 508 342 278 
