100
1 1 1 1 1 1 1 1 1 1 1 1 1 1 1 1 1 1 1 1 1 1 1 1 1 1 1 1 1 1 1 1 1 1 1 1 1 1 1 1 1 1 1 1 1 1 1 1 1 1 1 1 1 1 1 1 1 1 1 1 1 1 1 1 1 1 1 1 1 1 1 1 1 1 1 1 1 1 1 1 1 1 1 1 1 1 1 1 1 1 1 1 1 1 1 1 1 1 1 0 
0 -1 -1 -1 -1 -1 -1 -1 -1 -1 -1 -1 -1 -1 -1 -1 -1 -1 -1 -1 -1 -1 -1 -1 -1 -1 -1 -1 -1 -1 -1 -1 -1 -1 -1 -1 -1 -1 -1 -1 -1 -1 -1 -1 -1 -1 -1 -1 -1 -1 -1 -1 -1 -1 -1 -1 -1 -1 -1 -1 -1 -1 -1 -1 -1 -1 -1 -1 -1 -1 -1 -1 -1 -1 -1 -1 -1 -1 -1 -1 -1 -1 -1 -1 -1 -1 -1 -1 -1 -1 -1 -1 -1 -1 -1 -1 -1 -1 -1 -1 
1 1 1 1 1 1 1 1 1 1 1 1 1 1 1 1 1 1 1 1 1 1 1 1 1 1 1 1 1 1 1 1 1 1 1 1 1 1 1 1 1 1 1 1 1 1 1 1 1 1 1 1 1 1 1 1 1 1 1 1 1 1 1 1 1 1 1 1 1 1 1 1 1 1 1 1 1 1 1 1 1 1 1 1 1 1 1 1 1 1 1 1 1 1 1 1 1 1 1 0 
0 -1 -1 -1 -1 -1 -1 -1 -1 -1 -1 -1 -1 -1 -1 -1 -1 -1 -1 -1 -1 -1 -1 -1 -1 -1 -1 -1 -1 -1 -1 -1 -1 -1 -1 -1 -1 -1 -1 -1 -1 -1 -1 -1 -1 -1 -1 -1 -1 -1 -1 -1 -1 -1 -1 -1 -1 -1 -1 -1 -1 -1 -1 -1 -1 -1 -1 -1 -1 -1 -1 -1 -1 -1 -1 -1 -1 -1 -1 -1 -1 -1 -1 -1 -1 -1 -1 -1 -1 -1 -1 -1 -1 -1 -1 -1 -1 -1 -1 -1 
1 1 1 1 1 1 1 1 1 1 1 1 1 1 1 1 1 1 1 1 1 1 1 1 1 1 1 1 1 1 1 1 1 1 1 1 1 1 1 1 1 1 1 1 1 1 1 1 1 1 1 1 1 1 1 1 1 1 1 1 1 1 1 1 1 1 1 1 1 1 1 1 1 1 1 1 1 1 1 1 1 1 1 1 1 1 1 1 1 1 1 1 1 1 1 1 1 1 1 0 
0 -1 -1 -1 -1 -1 -1 -1 -1 -1 -1 -1 -1 -1 -1 -1 -1 -1 -1 -1 -1 -1 -1 -1 -1 -1 -1 -1 -1 -1 -1 -1 -1 -1 -1 -1 -1 -1 -1 -1 -1 -1 -1 -1 -1 -1 -1 -1 -1 -1 -1 -1 -1 -1 -1 -1 -1 -1 -1 -1 -1 -1 -1 -1 -1 -1 -1 -1 -1 -1 -1 -1 -1 -1 -1 -1 -1 -1 -1 -1 -1 -1 -1 -1 -1 -1 -1 -1 -1 -1 -1 -1 -1 -1 -1 -1 -1 -1 -1 -1 
1 1 1 1 1 1 1 1 1 1 1 1 1 1 1 1 1 1 1 1 1 1 1 1 1 1 1 1 1 1 1 1 1 1 1 1 1 1 1 1 1 1 1 1 1 1 1 1 1 1 1 1 1 1 1 1 1 1 1 1 1 1 1 1 1 1 1 1 1 1 1 1 1 1 1 1 1 1 1 1 1 1 1 1 1 1 1 1 1 1 1 1 1 1 1 1 1 1 1 0 
0 -1 -1 -1 -1 -1 -1 -1 -1 -1 -1 -1 -1 -1 -1 -1 -1 -1 -1 -1 -1 -1 -1 -1 -1 -1 -1 -1 -1 -1 -1 -1 -1 -1 -1 -1 -1 -1 -1 -1 -1 -1 -1 -1 -1 -1 -1 -1 -1 -1 -1 -1 -1 -1 -1 -1 -1 -1 -1 -1 -1 -1 -1 -1 -1 -1 -1 -1 -1 -1 -1 -1 -1 -1 -1 -1 -1 -1 -1 -1 -1 -1 -1 -1 -1 -1 -1 -1 -1 -1 -1 -1 -1 -1 -1 -1 -1 -1 -1 -1 
1 1 1 1 1 1 1 1 1 1 1 1 1 1 1 1 1 1 1 1 1 1 1 1 1 1 1 1 1 1 1 1 1 1 1 1 1 1 1 1 1 1 1 1 1 1 1 1 1 1 1 1 1 1 1 1 1 1 1 1 1 1 1 1 1 1 1 1 1 1 1 1 1 1 1 1 1 1 1 1 1 1 1 1 1 1 1 1 1 1 1 1 1 1 1 1 1 1 1 0 
0 -1 -1 -1 -1 -1 -1 -1 -1 -1 -1 -1 -1 -1 -1 -1 -1 -1 -1 -1 -1 -1 -1 -1 -1 -1 -1 -1 -1 -1 -1 -1 -1 -1 -1 -1 -1 -1 -1 -1 -1 -1 -1 -1 -1 -1 -1 -1 -1 -1 -1 -1 -1 -1 -1 -1 -1 -1 -1 -1 -1 -1 -1 -1 -1 -1 -1 -1 -1 -1 -1 -1 -1 -1 -1 -1 -1 -1 -1 -1 -1 -1 -1 -1 -1 -1 -1 -1 -1 -1 -1 -1 -1 -1 -1 -1 -1 -1 -1 -1 
1 1 1 1 1 1 1 1 1 1 1 1 1 1 1 1 1 1 1 1 1 1 1 1 1 1 1 1 1 1 1 1 1 1 1 1 1 1 1 1 1 1 1 1 1 1 1 1 1 1 1 1 1 1 1 1 1 1 1 1 1 1 1 1 1 1 1 1 1 1 1 1 1 1 1 1 1 1 1 1 1 1 1 1 1 1 1 1 1 1 1 1 1 1 1 1 1 1 1 0 
0 -1 -1 -1 -1 -1 -1 -1 -1 -1 -1 -1 -1 -1 -1 -1 -1 -1 -1 -1 -1 -1 -1 -1 -1 -1 -1 -1 -1 -1 -1 -1 -1 -1 -1 -1 -1 -1 -1 -1 -1 -1 -1 -1 -1 -1 -1 -1 -1 -1 -1 -1 -1 -1 -1 -1 -1 -1 -1 -1 -1 -1 -1 -1 -1 -1 -1 -1 -1 -1 -1 -1 -1 -1 -1 -1 -1 -1 -1 -1 -1 -1 -1 -1 -1 -1 -1 -1 -1 -1 -1 -1 -1 -1 -1 -1 -1 -1 -1 -1 
1 1 1 1 1 1 1 1 1 1 1 1 1 1 1 1 1 1 1 1 1 1 1 1 1 1 1 1 1 1 1 1 1 1 1 1 1 1 1 1 1 1 1 1 1 1 1 1 1 1 1 1 1 1 1 1 1 1 1 1 1 1 1 1 1 1 1 1 1 1 1 1 1 1 1 1 1 1 1 1 1 1 1 1 1 1 1 1 1 1 1 1 1 1 1 1 1 1 1 0 
0 -1 -1 -1 -1 -1 -1 -1 -1 -1 -1 -1 -1 -1 -1 -1 -1 -1 -1 -1 -1 -1 -1 -1 -1 -1 -1 -1 -1 -1 -1 -1 -1 -1 -1 -1 -1 -1 -1 -1 -1 -1 -1 -1 -1 -1 -1 -1 -1 -1 -1 -1 -1 -1 -1 -1 -1 -1 -1 -1 -1 -1 -1 -1 -1 -1 -1 -1 -1 -1 -1 -1 -1 -1 -1 -1 -1 -1 -1 -1 -1 -1 -1 -1 -1 -1 -1 -1 -1 -1 -1 -1 -1 -1 -1 -1 -1 -1 -1 -1 
1 1 1 1 1 1 1 1 1 1 1 1 1 1 1 1 1 1 1 1 1 1 1 1 1 1 1 1 1 1 1 1 1 1 1 1 1 1 1 1 1 1 1 1 1 1 1 1 1 1 1 1 1 1 1 1 1 1 1 1 1 1 1 1 1 1 1 1 1 1 1 1 1 1 1 1 1 1 1 1 1 1 1 1 1 1 1 1 1 1 1 1 1 1 1 1 1 1 1 0 
0 -1 -1 -1 -1 -1 -1 -1 -1 -1 -1 -1 -1 -1 -1 -1 -1 -1 -1 -1 -1 -1 -1 -1 -1 -1 -1 -1 -1 -1 -1 -1 -1 -1 -1 -1 -1 -1 -1 -1 -1 -1 -1 -1 -1 -1 -1 -1 -1 -1 -1 -1 -1 -1 -1 -1 -1 -1 -1 -1 -1 -1 -1 -1 -1 -1 -1 -1 -1 -1 -1 -1 -1 -1 -1 -1 -1 -1 -1 -1 -1 -1 -1 -1 -1 -1 -1 -1 -1 -1 -1 -1 -1 -1 -1 -1 -1 -1 -1 -1 
1 1 1 1 1 1 1 1 1 1 1 1 1 1 1 1 1 1 1 1 1 1 1 1 1 1 1 1 1 1 1 1 1 1 1 1 1 1 1 1 1 1 1 1 1 1 1 1 1 1 1 1 1 1 1 1 1 1 1 1 1 1 1 1 1 1 1 1 1 1 1 1 1 1 1 1 1 1 1 1 1 1 1 1 1 1 1 1 1 1 1 1 1 1 1 1 1 1 1 0 
0 -1 -1 -1 -1 -1 -1 -1 -1 -1 -1 -1 -1 -1 -1 -1 -1 -1 -1 -1 -1 -1 -1 -1 -1 -1 -1 -1 -1 -1 -1 -1 -1 -1 -1 -1 -1 -1 -1 -1 -1 -1 -1 -1 -1 -1 -1 -1 -1 -1 -1 -1 -1 -1 -1 -1 -1 -1 -1 -1 -1 -1 -1 -1 -1 -1 -1 -1 -1 -1 -1 -1 -1 -1 -1 -1 -1 -1 -1 -1 -1 -1 -1 -1 -1 -1 -1 -1 -1 -1 -1 -1 -1 -1 -1 -1 -1 -1 -1 -1 
1 1 1 1 1 1 1 1 1 1 1 1 1 1 1 1 1 1 1 1 1 1 1 1 1 1 1 1 1 1 1 1 1 1 1 1 1 1 1 1 1 1 1 1 1 1 1 1 1 1 1 1 1 1 1 1 1 1 1 1 1 1 1 1 1 1 1 1 1 1 1 1 1 1 1 1 1 1 1 1 1 1 1 1 1 1 1 1 1 1 1 1 1 1 1 1 1 1 1 0 
0 -1 -1 -1 -1 -1 -1 -1 -1 -1 -1 -1 -1 -1 -1 -1 -1 -1 -1 -1 -1 -1 -1 -1 -1 -1 -1 -1 -1 -1 -1 -1 -1 -1 -1 -1 -1 -1 -1 -1 -1 -1 -1 -1 -1 -1 -1 -1 -1 -1 -1 -1 -1 -1 -1 -1 -1 -1 -1 -1 -1 -1 -1 -1 -1 -1 -1 -1 -1 -1 -1 -1 -1 -1 -1 -1 -1 -1 -1 -1 -1 -1 -1 -1 -1 -1 -1 -1 -1 -1 -1 -1 -1 -1 -1 -1 -1 -1 -1 -1 
1 1 1 1 1 1 1 1 1 1 1 1 1 1 1 1 1 1 1 1 1 1 1 1 1 1 1 1 1 1 1 1 1 1 1 1 1 1 1 1 1 1 1 1 1 1 1 1 1 1 1 1 1 1 1 1 1 1 1 1 1 1 1 1 1 1 1 1 1 1 1 1 1 1 1 1 1 1 1 1 1 1 1 1 1 1 1 1 1 1 1 1 1 1 1 1 1 1 1 0 
0 -1 -1 -1 -1 -1 -1 -1 -1 -1 -1 -1 -1 -1 -1 -1 -1 -1 -1 -1 -1 -1 -1 -1 -1 -1 -1 -1 -1 -1 -1 -1 -1 -1 -1 -1 -1 -1 -1 -1 -1 -1 -1 -1 -1 -1 -1 -1 -1 -1 -1 -1 -1 -1 -1 -1 -1 -1 -1 -1 -1 -1 -1 -1 -1 -1 -1 -1 -1 -1 -1 -1 -1 -1 -1 -1 -1 -1 -1 -1 -1 -1 -1 -1 -1 -1 -1 -1 -1 -1 -1 -1 -1 -1 -1 -1 -1 -1 -1 -1 
1 1 1 1 1 1 1 1 1 1 1 1 1 1 1 1 1 1 1 1 1 1 1 1 1 1 1 1 1 1 1 1 1 1 1 1 1 1 1 1 1 1 1 1 1 1 1 1 1 1 1 1 1 1 1 1 1 1 1 1 1 1 1 1 1 1 1 1 1 1 1 1 1 1 1 1 1 1 1 1 1 1 1 1 1 1 1 1 1 1 1 1 1 1 1 1 1 1 1 0 
0 -1 -1 -1 -1 -1 -1 -1 -1 -1 -1 -1 -1 -1 -1 -1 -1 -1 -1 -1 -1 -1 -1 -1 -1 -1 -1 -1 -1 -1 -1 -1 -1 -1 -1 -1 -1 -1 -1 -1 -1 -1 -1 -1 -1 -1 -1 -1 -1 -1 -1 -1 -1 -1 -1 -1 -1 -1 -1 -1 -1 -1 -1 -1 -1 -1 -1 -1 -1 -1 -1 -1 -1 -1 -1 -1 -1 -1 -1 -1 -1 -1 -1 -1 -1 -1 -1 -1 -1 -1 -1 -1 -1 -1 -1 -1 -1 -1 -1 -1 
1 1 1 1 1 1 1 1 1 1 1 1 1 1 1 1 1 1 1 1 1 1 1 1 1 1 1 1 1 1 1 1 1 1 1 1 1 1 1 1 1 1 1 1 1 1 1 1 1 1 1 1 1 1 1 1 1 1 1 1 1 1 1 1 1 1 1 1 1 1 1 1 1 1 1 1 1 1 1 1 1 1 1 1 1 1 1 1 1 1 1 1 1 1 1 1 1 1 1 0 
0 -1 -1 -1 -1 -1 -1 -1 -1 -1 -1 -1 -1 -1 -1 -1 -1 -1 -1 -1 -1 -1 -1 -1 -1 -1 -1 -1 -1 -1 -1 -1 -1 -1 -1 -1 -1 -1 -1 -1 -1 -1 -1 -1 -1 -1 -1 -1 -1 -1 -1 -1 -1 -1 -1 -1 -1 -1 -1 -1 -1 -1 -1 -1 -1 -1 -1 -1 -1 -1 -1 -1 -1 -1 -1 -1 -1 -1 -1 -1 -1 -1 -1 -1 -1 -1 -1 -1 -1 -1 -1 -1 -1 -1 -1 -1 -1 -1 -1 -1 
1 1 1 1 1 1 1 1 1 1 1 1 1 1 1 1 1 1 1 1 1 1 1 1 1 1 1 1 1 1 1 1 1 1 1 1 1 1 1 1 1 1 1 1 1 1 1 1 1 1 1 1 1 1 1 1 1 1 1 1 1 1 1 1 1 1 1 1 1 1 1 1 1 1 1 1 1 1 1 1 1 1 1 1 1 1 1 1 1 1 1 1 1 1 1 1 1 1 1 0 
0 -1 -1 -1 -1 -1 -1 -1 -1 -1 -1 -1 -1 -1 -1 -1 -1 -1 -1 -1 -1 -1 -1 -1 -1 -1 -1 -1 -1 -1 -1 -1 -1 -1 -1 -1 -1 -1 -1 -1 -1 -1 -1 -1 -1 -1 -1 -1 -1 -1 -1 -1 -1 -1 -1 -1 -1 -1 -1 -1 -1 -1 -1 -1 -1 -1 -1 -1 -1 -1 -1 -1 -1 -1 -1 -1 -1 -1 -1 -1 -1 -1 -1 -1 -1 -1 -1 -1 -1 -1 -1 -1 -1 -1 -1 -1 -1 -1 -1 -1 
1 1 1 1 1 1 1 1 1 1 1 1 1 1 1 1 1 1 1 1 1 1 1 1 1 1 1 1 1 1 1 1 1 1 1 1 1 1 1 1 1 1 1 1 1 1 1 1 1 1 1 1 1 1 1 1 1 1 1 1 1 1 1 1 1 1 1 1 1 1 1 1 1 1 1 1 1 1 1 1 1 1 1 1 1 1 1 1 1 1 1 1 1 1 1 1 1 1 1 0 
0 -1 -1 -1 -1 -1 -1 -1 -1 -1 -1 -1 -1 -1 -1 -1 -1 -1 -1 -1 -1 -1 -1 -1 -1 -1 -1 -1 -1 -1 -1 -1 -1 -1 -1 -1 -1 -1 -1 -1 -1 -1 -1 -1 -1 -1 -1 -1 -1 -1 -1 -1 -1 -1 -1 -1 -1 -1 -1 -1 -1 -1 -1 -1 -1 -1 -1 -1 -1 -1 -1 -1 -1 -1 -1 -1 -1 -1 -1 -1 -1 -1 -1 -1 -1 -1 -1 -1 -1 -1 -1 -1 -1 -1 -1 -1 -1 -1 -1 -1 
1 1 1 1 1 1 1 1 1 1 1 1 1 1 1 1 1 1 1 1 1 1 1 1 1 1 1 1 1 1 1 1 1 1 1 1 1 1 1 1 1 1 1 1 1 1 1 1 1 1 1 1 1 1 1 1 1 1 1 1 1 1 1 1 1 1 1 1 1 1 1 1 1 1 1 1 1 1 1 1 1 1 1 1 1 1 1 1 1 1 1 1 1 1 1 1 1 1 1 0 
0 -1 -1 -1 -1 -1 -1 -1 -1 -1 -1 -1 -1 -1 -1 -1 -1 -1 -1 -1 -1 -1 -1 -1 -1 -1 -1 -1 -1 -1 -1 -1 -1 -1 -1 -1 -1 -1 -1 -1 -1 -1 -1 -1 -1 -1 -1 -1 -1 -1 -1 -1 -1 -1 -1 -1 -1 -1 -1 -1 -1 -1 -1 -1 -1 -1 -1 -1 -1 -1 -1 -1 -1 -1 -1 -1 -1 -1 -1 -1 -1 -1 -1 -1 -1 -1 -1 -1 -1 -1 -1 -1 -1 -1 -1 -1 -1 -1 -1 -1 
1 1 1 1 1 1 1 1 1 1 1 1 1 1 1 1 1 1 1 1 1 1 1 1 1 1 1 1 1 1 1 1 1 1 1 1 1 1 1 1 1 1 1 1 1 1 1 1 1 1 1 1 1 1 1 1 1 1 1 1 1 1 1 1 1 1 1 1 1 1 1 1 1 1 1 1 1 1 1 1 1 1 1 1 1 1 1 1 1 1 1 1 1 1 1 1 1 1 1 0 
0 -1 -1 -1 -1 -1 -1 -1 -1 -1 -1 -1 -1 -1 -1 -1 -1 -1 -1 -1 -1 -1 -1 -1 -1 -1 -1 -1 -1 -1 -1 -1 -1 -1 -1 -1 -1 -1 -1 -1 -1 -1 -1 -1 -1 -1 -1 -1 -1 -1 -1 -1 -1 -1 -1 -1 -1 -1 -1 -1 -1 -1 -1 -1 -1 -1 -1 -1 -1 -1 -1 -1 -1 -1 -1 -1 -1 -1 -1 -1 -1 -1 -1 -1 -1 -1 -1 -1 -1 -1 -1 -1 -1 -1 -1 -1 -1 -1 -1 -1 
1 1 1 1 1 1 1 1 1 1 1 1 1 1 1 1 1 1 1 1 1 1 1 1 1 1 1 1 1 1 1 1 1 1 1 1 1 1 1 1 1 1 1 1 1 1 1 1 1 1 1 1 1 1 1 1 1 1 1 1 1 1 1 1 1 1 1 1 1 1 1 1 1 1 1 1 1 1 1 1 1 1 1 1 1 1 1 1 1 1 1 1 1 1 1 1 1 1 1 0 
0 -1 -1 -1 -1 -1 -1 -1 -1 -1 -1 -1 -1 -1 -1 -1 -1 -1 -1 -1 -1 -1 -1 -1 -1 -1 -1 -1 -1 -1 -1 -1 -1 -1 -1 -1 -1 -1 -1 -1 -1 -1 -1 -1 -1 -1 -1 -1 -1 -1 -1 -1 -1 -1 -1 -1 -1 -1 -1 -1 -1 -1 -1 -1 -1 -1 -1 -1 -1 -1 -1 -1 -1 -1 -1 -1 -1 -1 -1 -1 -1 -1 -1 -1 -1 -1 -1 -1 -1 -1 -1 -1 -1 -1 -1 -1 -1 -1 -1 -1 
1 1 1 1 1 1 1 1 1 1 1 1 1 1 1 1 1 1 1 1 1 1 1 1 1 1 1 1 1 1 1 1 1 1 1 1 1 1 1 1 1 1 1 1 1 1 1 1 1 1 1 1 1 1 1 1 1 1 1 1 1 1 1 1 1 1 1 1 1 1 1 1 1 1 1 1 1 1 1 1 1 1 1 1 1 1 1 1 1 1 1 1 1 1 1 1 1 1 1 0 
0 -1 -1 -1 -1 -1 -1 -1 -1 -1 -1 -1 -1 -1 -1 -1 -1 -1 -1 -1 -1 -1 -1 -1 -1 -1 -1 -1 -1 -1 -1 -1 -1 -1 -1 -1 -1 -1 -1 -1 -1 -1 -1 -1 -1 -1 -1 -1 -1 -1 -1 -1 -1 -1 -1 -1 -1 -1 -1 -1 -1 -1 -1 -1 -1 -1 -1 -1 -1 -1 -1 -1 -1 -1 -1 -1 -1 -1 -1 -1 -1 -1 -1 -1 -1 -1 -1 -1 -1 -1 -1 -1 -1 -1 -1 -1 -1 -1 -1 -1 
1 1 1 1 1 1 1 1 1 1 1 1 1 1 1 1 1 1 1 1 1 1 1 1 1 1 1 1 1 1 1 1 1 1 1 1 1 1 1 1 1 1 1 1 1 1 1 1 1 1 1 1 1 1 1 1 1 1 1 1 1 1 1 1 1 1 1 1 1 1 1 1 1 1 1 1 1 1 1 1 1 1 1 1 1 1 1 1 1 1 1 1 1 1 1 1 1 1 1 0 
0 -1 -1 -1 -1 -1 -1 -1 -1 -1 -1 -1 -1 -1 -1 -1 -1 -1 -1 -1 -1 -1 -1 -1 -1 -1 -1 -1 -1 -1 -1 -1 -1 -1 -1 -1 -1 -1 -1 -1 -1 -1 -1 -1 -1 -1 -1 -1 -1 -1 -1 -1 -1 -1 -1 -1 -1 -1 -1 -1 -1 -1 -1 -1 -1 -1 -1 -1 -1 -1 -1 -1 -1 -1 -1 -1 -1 -1 -1 -1 -1 -1 -1 -1 -1 -1 -1 -1 -1 -1 -1 -1 -1 -1 -1 -1 -1 -1 -1 -1 
1 1 1 1 1 1 1 1 1 1 1 1 1 1 1 1 1 1 1 1 1 1 1 1 1 1 1 1 1 1 1 1 1 1 1 1 1 1 1 1 1 1 1 1 1 1 1 1 1 1 1 1 1 1 1 1 1 1 1 1 1 1 1 1 1 1 1 1 1 1 1 1 1 1 1 1 1 1 1 1 1 1 1 1 1 1 1 1 1 1 1 1 1 1 1 1 1 1 1 0 
0 -1 -1 -1 -1 -1 -1 -1 -1 -1 -1 -1 -1 -1 -1 -1 -1 -1 -1 -1 -1 -1 -1 -1 -1 -1 -1 -1 -1 -1 -1 -1 -1 -1 -1 -1 -1 -1 -1 -1 -1 -1 -1 -1 -1 -1 -1 -1 -1 -1 -1 -1 -1 -1 -1 -1 -1 -1 -1 -1 -1 -1 -1 -1 -1 -1 -1 -1 -1 -1 -1 -1 -1 -1 -1 -1 -1 -1 -1 -1 -1 -1 -1 -1 -1 -1 -1 -1 -1 -1 -1 -1 -1 -1 -1 -1 -1 -1 -1 -1 
1 1 1 1 1 1 1 1 1 1 1 1 1 1 1 1 1 1 1 1 1 1 1 1 1 1 1 1 1 1 1 1 1 1 1 1 1 1 1 1 1 1 1 1 1 1 1 1 1 1 1 1 1 1 1 1 1 1 1 1 1 1 1 1 1 1 1 1 1 1 1 1 1 1 1 1 1 1 1 1 1 1 1 1 1 1 1 1 1 1 1 1 1 1 1 1 1 1 1 0 
0 -1 -1 -1 -1 -1 -1 -1 -1 -1 -1 -1 -1 -1 -1 -1 -1 -1 -1 -1 -1 -1 -1 -1 -1 -1 -1 -1 -1 -1 -1 -1 -1 -1 -1 -1 -1 -1 -1 -1 -1 -1 -1 -1 -1 -1 -1 -1 -1 -1 -1 -1 -1 -1 -1 -1 -1 -1 -1 -1 -1 -1 -1 -1 -1 -1 -1 -1 -1 -1 -1 -1 -1 -1 -1 -1 -1 -1 -1 -1 -1 -1 -1 -1 -1 -1 -1 -1 -1 -1 -1 -1 -1 -1 -1 -1 -1 -1 -1 -1 
1 1 1 1 1 1 1 1 1 1 1 1 1 1 1 1 1 1 1 1 1 1 1 1 1 1 1 1 1 1 1 1 1 1 1 1 1 1 1 1 1 1 1 1 1 1 1 1 1 1 1 1 1 1 1 1 1 1 1 1 1 1 1 1 1 1 1 1 1 1 1 1 1 1 1 1 1 1 1 1 1 1 1 1 1 1 1 1 1 1 1 1 1 1 1 1 1 1 1 0 
0 -1 -1 -1 -1 -1 -1 -1 -1 -1 -1 -1 -1 -1 -1 -1 -1 -1 -1 -1 -1 -1 -1 -1 -1 -1 -1 -1 -1 -1 -1 -1 -1 -1 -1 -1 -1 -1 -1 -1 -1 -1 -1 -1 -1 -1 -1 -1 -1 -1 -1 -1 -1 -1 -1 -1 -1 -1 -1 -1 -1 -1 -1 -1 -1 -1 -1 -1 -1 -1 -1 -1 -1 -1 -1 -1 -1 -1 -1 -1 -1 -1 -1 -1 -1 -1 -1 -1 -1 -1 -1 -1 -1 -1 -1 -1 -1 -1 -1 -1 
1 1 1 1 1 1 1 1 1 1 1 1 1 1 1 1 1 1 1 1 1 1 1 1 1 1 1 1 1 1 1 1 1 1 1 1 1 1 1 1 1 1 1 1 1 1 1 1 1 1 1 1 1 1 1 1 1 1 1 1 1 1 1 1 1 1 1 1 1 1 1 1 1 1 1 1 1 1 1 1 1 1 1 1 1 1 1 1 1 1 1 1 1 1 1 1 1 1 1 0 
0 -1 -1 -1 -1 -1 -1 -1 -1 -1 -1 -1 -1 -1 -1 -1 -1 -1 -1 -1 -1 -1 -1 -1 -1 -1 -1 -1 -1 -1 -1 -1 -1 -1 -1 -1 -1 -1 -1 -1 -1 -1 -1 -1 -1 -1 -1 -1 -1 -1 -1 -1 -1 -1 -1 -1 -1 -1 -1 -1 -1 -1 -1 -1 -1 -1 -1 -1 -1 -1 -1 -1 -1 -1 -1 -1 -1 -1 -1 -1 -1 -1 -1 -1 -1 -1 -1 -1 -1 -1 -1 -1 -1 -1 -1 -1 -1 -1 -1 -1 
1 1 1 1 1 1 1 1 1 1 1 1 1 1 1 1 1 1 1 1 1 1 1 1 1 1 1 1 1 1 1 1 1 1 1 1 1 1 1 1 1 1 1 1 1 1 1 1 1 1 1 1 1 1 1 1 1 1 1 1 1 1 1 1 1 1 1 1 1 1 1 1 1 1 1 1 1 1 1 1 1 1 1 1 1 1 1 1 1 1 1 1 1 1 1 1 1 1 1 0 
0 -1 -1 -1 -1 -1 -1 -1 -1 -1 -1 -1 -1 -1 -1 -1 -1 -1 -1 -1 -1 -1 -1 -1 -1 -1 -1 -1 -1 -1 -1 -1 -1 -1 -1 -1 -1 -1 -1 -1 -1 -1 -1 -1 -1 -1 -1 -1 -1 -1 -1 -1 -1 -1 -1 -1 -1 -1 -1 -1 -1 -1 -1 -1 -1 -1 -1 -1 -1 -1 -1 -1 -1 -1 -1 -1 -1 -1 -1 -1 -1 -1 -1 -1 -1 -1 -1 -1 -1 -1 -1 -1 -1 -1 -1 -1 -1 -1 -1 -1 
1 1 1 1 1 1 1 1 1 1 1 1 1 1 1 1 1 1 1 1 1 1 1 1 1 1 1 1 1 1 1 1 1 1 1 1 1 1 1 1 1 1 1 1 1 1 1 1 1 1 1 1 1 1 1 1 1 1 1 1 1 1 1 1 1 1 1 1 1 1 1 1 1 1 1 1 1 1 1 1 1 1 1 1 1 1 1 1 1 1 1 1 1 1 1 1 1 1 1 0 
0 -1 -1 -1 -1 -1 -1 -1 -1 -1 -1 -1 -1 -1 -1 -1 -1 -1 -1 -1 -1 -1 -1 -1 -1 -1 -1 -1 -1 -1 -1 -1 -1 -1 -1 -1 -1 -1 -1 -1 -1 -1 -1 -1 -1 -1 -1 -1 -1 -1 -1 -1 -1 -1 -1 -1 -1 -1 -1 -1 -1 -1 -1 -1 -1 -1 -1 -1 -1 -1 -1 -1 -1 -1 -1 -1 -1 -1 -1 -1 -1 -1 -1 -1 -1 -1 -1 -1 -1 -1 -1 -1 -1 -1 -1 -1 -1 -1 -1 -1 
1 1 1 1 1 1 1 1 1 1 1 1 1 1 1 1 1 1 1 1 1 1 1 1 1 1 1 1 1 1 1 1 1 1 1 1 1 1 1 1 1 1 1 1 1 1 1 1 1 1 1 1 1 1 1 1 1 1 1 1 1 1 1 1 1 1 1 1 1 1 1 1 1 1 1 1 1 1 1 1 1 1 1 1 1 1 1 1 1 1 1 1 1 1 1 1 1 1 1 0 
0 -1 -1 -1 -1 -1 -1 -1 -1 -1 -1 -1 -1 -1 -1 -1 -1 -1 -1 -1 -1 -1 -1 -1 -1 -1 -1 -1 -1 -1 -1 -1 -1 -1 -1 -1 -1 -1 -1 -1 -1 -1 -1 -1 -1 -1 -1 -1 -1 -1 -1 -1 -1 -1 -1 -1 -1 -1 -1 -1 -1 -1 -1 -1 -1 -1 -1 -1 -1 -1 -1 -1 -1 -1 -1 -1 -1 -1 -1 -1 -1 -1 -1 -1 -1 -1 -1 -1 -1 -1 -1 -1 -1 -1 -1 -1 -1 -1 -1 -1 
1 1 1 1 1 1 1 1 1 1 1 1 1 1 1 1 1 1 1 1 1 1 1 1 1 1 1 1 1 1 1 1 1 1 1 1 1 1 1 1 1 1 1 1 1 1 1 1 1 1 1 1 1 1 1 1 1 1 1 1 1 1 1 1 1 1 1 1 1 1 1 1 1 1 1 1 1 1 1 1 1 1 1 1 1 1 1 1 1 1 1 1 1 1 1 1 1 1 1 0 
0 -1 -1 -1 -1 -1 -1 -1 -1 -1 -1 -1 -1 -1 -1 -1 -1 -1 -1 -1 -1 -1 -1 -1 -1 -1 -1 -1 -1 -1 -1 -1 -1 -1 -1 -1 -1 -1 -1 -1 -1 -1 -1 -1 -1 -1 -1 -1 -1 -1 -1 -1 -1 -1 -1 -1 -1 -1 -1 -1 -1 -1 -1 -1 -1 -1 -1 -1 -1 -1 -1 -1 -1 -1 -1 -1 -1 -1 -1 -1 -1 -1 -1 -1 -1 -1 -1 -1 -1 -1 -1 -1 -1 -1 -1 -1 -1 -1 -1 -1 
1 1 1 1 1 1 1 1 1 1 1 1 1 1 1 1 1 1 1 1 1 1 1 1 1 1 1 1 1 1 1 1 1 1 1 1 1 1 1 1 1 1 1 1 1 1 1 1 1 1 1 1 1 1 1 1 1 1 1 1 1 1 1 1 1 1 1 1 1 1 1 1 1 1 1 1 1 1 1 1 1 1 1 1 1 1 1 1 1 1 1 1 1 1 1 1 1 1 1 0 
0 -1 -1 -1 -1 -1 -1 -1 -1 -1 -1 -1 -1 -1 -1 -1 -1 -1 -1 -1 -1 -1 -1 -1 -1 -1 -1 -1 -1 -1 -1 -1 -1 -1 -1 -1 -1 -1 -1 -1 -1 -1 -1 -1 -1 -1 -1 -1 -1 -1 -1 -1 -1 -1 -1 -1 -1 -1 -1 -1 -1 -1 -1 -1 -1 -1 -1 -1 -1 -1 -1 -1 -1 -1 -1 -1 -1 -1 -1 -1 -1 -1 -1 -1 -1 -1 -1 -1 -1 -1 -1 -1 -1 -1 -1 -1 -1 -1 -1 -1 
1 1 1 1 1 1 1 1 1 1 1 1 1 1 1 1 1 1 1 1 1 1 1 1 1 1 1 1 1 1 1 1 1 1 1 1 1 1 1 1 1 1 1 1 1 1 1 1 1 1 1 1 1 1 1 1 1 1 1 1 1 1 1 1 1 1 1 1 1 1 1 1 1 1 1 1 1 1 1 1 1 1 1 1 1 1 1 1 1 1 1 1 1 1 1 1 1 1 1 0 
0 -1 -1 -1 -1 -1 -1 -1 -1 -1 -1 -1 -1 -1 -1 -1 -1 -1 -1 -1 -1 -1 -1 -1 -1 -1 -1 -1 -1 -1 -1 -1 -1 -1 -1 -1 -1 -1 -1 -1 -1 -1 -1 -1 -1 -1 -1 -1 -1 -1 -1 -1 -1 -1 -1 -1 -1 -1 -1 -1 -1 -1 -1 -1 -1 -1 -1 -1 -1 -1 -1 -1 -1 -1 -1 -1 -1 -1 -1 -1 -1 -1 -1 -1 -1 -1 -1 -1 -1 -1 -1 -1 -1 -1 -1 -1 -1 -1 -1 -1 
1 1 1 1 1 1 1 1 1 1 1 1 1 1 1 1 1 1 1 1 1 1 1 1 1 1 1 1 1 1 1 1 1 1 1 1 1 1 1 1 1 1 1 1 1 1 1 1 1 1 1 1 1 1 1 1 1 1 1 1 1 1 1 1 1 1 1 1 1 1 1 1 1 1 1 1 1 1 1 1 1 1 1 1 1 1 1 1 1 1 1 1 1 1 1 1 1 1 1 0 
0 -1 -1 -1 -1 -1 -1 -1 -1 -1 -1 -1 -1 -1 -1 -1 -1 -1 -1 -1 -1 -1 -1 -1 -1 -1 -1 -1 -1 -1 -1 -1 -1 -1 -1 -1 -1 -1 -1 -1 -1 -1 -1 -1 -1 -1 -1 -1 -1 -1 -1 -1 -1 -1 -1 -1 -1 -1 -1 -1 -1 -1 -1 -1 -1 -1 -1 -1 -1 -1 -1 -1 -1 -1 -1 -1 -1 -1 -1 -1 -1 -1 -1 -1 -1 -1 -1 -1 -1 -1 -1 -1 -1 -1 -1 -1 -1 -1 -1 -1 
1 1 1 1 1 1 1 1 1 1 1 1 1 1 1 1 1 1 1 1 1 1 1 1 1 1 1 1 1 1 1 1 1 1 1 1 1 1 1 1 1 1 1 1 1 1 1 1 1 1 1 1 1 1 1 1 1 1 1 1 1 1 1 1 1 1 1 1 1 1 1 1 1 1 1 1 1 1 1 1 1 1 1 1 1 1 1 1 1 1 1 1 1 1 1 1 1 1 1 0 
0 -1 -1 -1 -1 -1 -1 -1 -1 -1 -1 -1 -1 -1 -1 -1 -1 -1 -1 -1 -1 -1 -1 -1 -1 -1 -1 -1 -1 -1 -1 -1 -1 -1 -1 -1 -1 -1 -1 -1 -1 -1 -1 -1 -1 -1 -1 -1 -1 -1 -1 -1 -1 -1 -1 -1 -1 -1 -1 -1 -1 -1 -1 -1 -1 -1 -1 -1 -1 -1 -1 -1 -1 -1 -1 -1 -1 -1 -1 -1 -1 -1 -1 -1 -1 -1 -1 -1 -1 -1 -1 -1 -1 -1 -1 -1 -1 -1 -1 -1 
1 1 1 1 1 1 1 1 1 1 1 1 1 1 1 1 1 1 1 1 1 1 1 1 1 1 1 1 1 1 1 1 1 1 1 1 1 1 1 1 1 1 1 1 1 1 1 1 1 1 1 1 1 1 1 1 1 1 1 1 1 1 1 1 1 1 1 1 1 1 1 1 1 1 1 1 1 1 1 1 1 1 1 1 1 1 1 1 1 1 1 1 1 1 1 1 1 1 1 0 
0 -1 -1 -1 -1 -1 -1 -1 -1 -1 -1 -1 -1 -1 -1 -1 -1 -1 -1 -1 -1 -1 -1 -1 -1 -1 -1 -1 -1 -1 -1 -1 -1 -1 -1 -1 -1 -1 -1 -1 -1 -1 -1 -1 -1 -1 -1 -1 -1 -1 -1 -1 -1 -1 -1 -1 -1 -1 -1 -1 -1 -1 -1 -1 -1 -1 -1 -1 -1 -1 -1 -1 -1 -1 -1 -1 -1 -1 -1 -1 -1 -1 -1 -1 -1 -1 -1 -1 -1 -1 -1 -1 -1 -1 -1 -1 -1 -1 -1 -1 
1 1 1 1 1 1 1 1 1 1 1 1 1 1 1 1 1 1 1 1 1 1 1 1 1 1 1 1 1 1 1 1 1 1 1 1 1 1 1 1 1 1 1 1 1 1 1 1 1 1 1 1 1 1 1 1 1 1 1 1 1 1 1 1 1 1 1 1 1 1 1 1 1 1 1 1 1 1 1 1 1 1 1 1 1 1 1 1 1 1 1 1 1 1 1 1 1 1 1 0 
0 -1 -1 -1 -1 -1 -1 -1 -1 -1 -1 -1 -1 -1 -1 -1 -1 -1 -1 -1 -1 -1 -1 -1 -1 -1 -1 -1 -1 -1 -1 -1 -1 -1 -1 -1 -1 -1 -1 -1 -1 -1 -1 -1 -1 -1 -1 -1 -1 -1 -1 -1 -1 -1 -1 -1 -1 -1 -1 -1 -1 -1 -1 -1 -1 -1 -1 -1 -1 -1 -1 -1 -1 -1 -1 -1 -1 -1 -1 -1 -1 -1 -1 -1 -1 -1 -1 -1 -1 -1 -1 -1 -1 -1 -1 -1 -1 -1 -1 -1 
1 1 1 1 1 1 1 1 1 1 1 1 1 1 1 1 1 1 1 1 1 1 1 1 1 1 1 1 1 1 1 1 1 1 1 1 1 1 1 1 1 1 1 1 1 1 1 1 1 1 1 1 1 1 1 1 1 1 1 1 1 1 1 1 1 1 1 1 1 1 1 1 1 1 1 1 1 1 1 1 1 1 1 1 1 1 1 1 1 1 1 1 1 1 1 1 1 1 1 0 
0 -1 -1 -1 -1 -1 -1 -1 -1 -1 -1 -1 -1 -1 -1 -1 -1 -1 -1 -1 -1 -1 -1 -1 -1 -1 -1 -1 -1 -1 -1 -1 -1 -1 -1 -1 -1 -1 -1 -1 -1 -1 -1 -1 -1 -1 -1 -1 -1 -1 -1 -1 -1 -1 -1 -1 -1 -1 -1 -1 -1 -1 -1 -1 -1 -1 -1 -1 -1 -1 -1 -1 -1 -1 -1 -1 -1 -1 -1 -1 -1 -1 -1 -1 -1 -1 -1 -1 -1 -1 -1 -1 -1 -1 -1 -1 -1 -1 -1 -1 
1 1 1 1 1 1 1 1 1 1 1 1 1 1 1 1 1 1 1 1 1 1 1 1 1 1 1 1 1 1 1 1 1 1 1 1 1 1 1 1 1 1 1 1 1 1 1 1 1 1 1 1 1 1 1 1 1 1 1 1 1 1 1 1 1 1 1 1 1 1 1 1 1 1 1 1 1 1 1 1 1 1 1 1 1 1 1 1 1 1 1 1 1 1 1 1 1 1 1 0 
0 -1 -1 -1 -1 -1 -1 -1 -1 -1 -1 -1 -1 -1 -1 -1 -1 -1 -1 -1 -1 -1 -1 -1 -1 -1 -1 -1 -1 -1 -1 -1 -1 -1 -1 -1 -1 -1 -1 -1 -1 -1 -1 -1 -1 -1 -1 -1 -1 -1 -1 -1 -1 -1 -1 -1 -1 -1 -1 -1 -1 -1 -1 -1 -1 -1 -1 -1 -1 -1 -1 -1 -1 -1 -1 -1 -1 -1 -1 -1 -1 -1 -1 -1 -1 -1 -1 -1 -1 -1 -1 -1 -1 -1 -1 -1 -1 -1 -1 -1 
1 1 1 1 1 1 1 1 1 1 1 1 1 1 1 1 1 1 1 1 1 1 1 1 1 1 1 1 1 1 1 1 1 1 1 1 1 1 1 1 1 1 1 1 1 1 1 1 1 1 1 1 1 1 1 1 1 1 1 1 1 1 1 1 1 1 1 1 1 1 1 1 1 1 1 1 1 1 1 1 1 1 1 1 1 1 1 1 1 1 1 1 1 1 1 1 1 1 1 0 
0 -1 -1 -1 -1 -1 -1 -1 -1 -1 -1 -1 -1 -1 -1 -1 -1 -1 -1 -1 -1 -1 -1 -1 -1 -1 -1 -1 -1 -1 -1 -1 -1 -1 -1 -1 -1 -1 -1 -1 -1 -1 -1 -1 -1 -1 -1 -1 -1 -1 -1 -1 -1 -1 -1 -1 -1 -1 -1 -1 -1 -1 -1 -1 -1 -1 -1 -1 -1 -1 -1 -1 -1 -1 -1 -1 -1 -1 -1 -1 -1 -1 -1 -1 -1 -1 -1 -1 -1 -1 -1 -1 -1 -1 -1 -1 -1 -1 -1 -1 
1 1 1 1 1 1 1 1 1 1 1 1 1 1 1 1 1 1 1 1 1 1 1 1 1 1 1 1 1 1 1 1 1 1 1 1 1 1 1 1 1 1 1 1 1 1 1 1 1 1 1 1 1 1 1 1 1 1 1 1 1 1 1 1 1 1 1 1 1 1 1 1 1 1 1 1 1 1 1 1 1 1 1 1 1 1 1 1 1 1 1 1 1 1 1 1 1 1 1 0 
0 -1 -1 -1 -1 -1 -1 -1 -1 -1 -1 -1 -1 -1 -1 -1 -1 -1 -1 -1 -1 -1 -1 -1 -1 -1 -1 -1 -1 -1 -1 -1 -1 -1 -1 -1 -1 -1 -1 -1 -1 -1 -1 -1 -1 -1 -1 -1 -1 -1 -1 -1 -1 -1 -1 -1 -1 -1 -1 -1 -1 -1 -1 -1 -1 -1 -1 -1 -1 -1 -1 -1 -1 -1 -1 -1 -1 -1 -1 -1 -1 -1 -1 -1 -1 -1 -1 -1 -1 -1 -1 -1 -1 -1 -1 -1 -1 -1 -1 -1 
1 1 1 1 1 1 1 1 1 1 1 1 1 1 1 1 1 1 1 1 1 1 1 1 1 1 1 1 1 1 1 1 1 1 1 1 1 1 1 1 1 1 1 1 1 1 1 1 1 1 1 1 1 1 1 1 1 1 1 1 1 1 1 1 1 1 1 1 1 1 1 1 1 1 1 1 1 1 1 1 1 1 1 1 1 1 1 1 1 1 1 1 1 1 1 1 1 1 1 0 
0 -1 -1 -1 -1 -1 -1 -1 -1 -1 -1 -1 -1 -1 -1 -1 -1 -1 -1 -1 -1 -1 -1 -1 -1 -1 -1 -1 -1 -1 -1 -1 -1 -1 -1 -1 -1 -1 -1 -1 -1 -1 -1 -1 -1 -1 -1 -1 -1 -1 -1 -1 -1 -1 -1 -1 -1 -1 -1 -1 -1 -1 -1 -1 -1 -1 -1 -1 -1 -1 -1 -1 -1 -1 -1 -1 -1 -1 -1 -1 -1 -1 -1 -1 -1 -1 -1 -1 -1 -1 -1 -1 -1 -1 -1 -1 -1 -1 -1 -1 
1 1 1 1 1 1 1 1 1 1 1 1 1 1 1 1 1 1 1 1 1 1 1 1 1 1 1 1 1 1 1 1 1 1 1 1 1 1 1 1 1 1 1 1 1 1 1 1 1 1 1 1 1 1 1 1 1 1 1 1 1 1 1 1 1 1 1 1 1 1 1 1 1 1 1 1 1 1 1 1 1 1 1 1 1 1 1 1 1 1 1 1 1 1 1 1 1 1 1 0 
0 -1 -1 -1 -1 -1 -1 -1 -1 -1 -1 -1 -1 -1 -1 -1 -1 -1 -1 -1 -1 -1 -1 -1 -1 -1 -1 -1 -1 -1 -1 -1 -1 -1 -1 -1 -1 -1 -1 -1 -1 -1 -1 -1 -1 -1 -1 -1 -1 -1 -1 -1 -1 -1 -1 -1 -1 -1 -1 -1 -1 -1 -1 -1 -1 -1 -1 -1 -1 -1 -1 -1 -1 -1 -1 -1 -1 -1 -1 -1 -1 -1 -1 -1 -1 -1 -1 -1 -1 -1 -1 -1 -1 -1 -1 -1 -1 -1 -1 -1 
1 1 1 1 1 1 1 1 1 1 1 1 1 1 1 1 1 1 1 1 1 1 1 1 1 1 1 1 1 1 1 1 1 1 1 1 1 1 1 1 1 1 1 1 1 1 1 1 1 1 1 1 1 1 1 1 1 1 1 1 1 1 1 1 1 1 1 1 1 1 1 1 1 1 1 1 1 1 1 1 1 1 1 1 1 1 1 1 1 1 1 1 1 1 1 1 1 1 1 0 
0 -1 -1 -1 -1 -1 -1 -1 -1 -1 -1 -1 -1 -1 -1 -1 -1 -1 -1 -1 -1 -1 -1 -1 -1 -1 -1 -1 -1 -1 -1 -1 -1 -1 -1 -1 -1 -1 -1 -1 -1 -1 -1 -1 -1 -1 -1 -1 -1 -1 -1 -1 -1 -1 -1 -1 -1 -1 -1 -1 -1 -1 -1 -1 -1 -1 -1 -1 -1 -1 -1 -1 -1 -1 -1 -1 -1 -1 -1 -1 -1 -1 -1 -1 -1 -1 -1 -1 -1 -1 -1 -1 -1 -1 -1 -1 -1 -1 -1 -1 
1 1 1 1 1 1 1 1 1 1 1 1 1 1 1 1 1 1 1 1 1 1 1 1 1 1 1 1 1 1 1 1 1 1 1 1 1 1 1 1 1 1 1 1 1 1 1 1 1 1 1 1 1 1 1 1 1 1 1 1 1 1 1 1 1 1 1 1 1 1 1 1 1 1 1 1 1 1 1 1 1 1 1 1 1 1 1 1 1 1 1 1 1 1 1 1 1 1 1 0 
0 -1 -1 -1 -1 -1 -1 -1 -1 -1 -1 -1 -1 -1 -1 -1 -1 -1 -1 -1 -1 -1 -1 -1 -1 -1 -1 -1 -1 -1 -1 -1 -1 -1 -1 -1 -1 -1 -1 -1 -1 -1 -1 -1 -1 -1 -1 -1 -1 -1 -1 -1 -1 -1 -1 -1 -1 -1 -1 -1 -1 -1 -1 -1 -1 -1 -1 -1 -1 -1 -1 -1 -1 -1 -1 -1 -1 -1 -1 -1 -1 -1 -1 -1 -1 -1 -1 -1 -1 -1 -1 -1 -1 -1 -1 -1 -1 -1 -1 -1 
1 1 1 1 1 1 1 1 1 1 1 1 1 1 1 1 1 1 1 1 1 1 1 1 1 1 1 1 1 1 1 1 1 1 1 1 1 1 1 1 1 1 1 1 1 1 1 1 1 1 1 1 1 1 1 1 1 1 1 1 1 1 1 1 1 1 1 1 1 1 1 1 1 1 1 1 1 1 1 1 1 1 1 1 1 1 1 1 1 1 1 1 1 1 1 1 1 1 1 0 
0 -1 -1 -1 -1 -1 -1 -1 -1 -1 -1 -1 -1 -1 -1 -1 -1 -1 -1 -1 -1 -1 -1 -1 -1 -1 -1 -1 -1 -1 -1 -1 -1 -1 -1 -1 -1 -1 -1 -1 -1 -1 -1 -1 -1 -1 -1 -1 -1 -1 -1 -1 -1 -1 -1 -1 -1 -1 -1 -1 -1 -1 -1 -1 -1 -1 -1 -1 -1 -1 -1 -1 -1 -1 -1 -1 -1 -1 -1 -1 -1 -1 -1 -1 -1 -1 -1 -1 -1 -1 -1 -1 -1 -1 -1 -1 -1 -1 -1 -1 
1 1 1 1 1 1 1 1 1 1 1 1 1 1 1 1 1 1 1 1 1 1 1 1 1 1 1 1 1 1 1 1 1 1 1 1 1 1 1 1 1 1 1 1 1 1 1 1 1 1 1 1 1 1 1 1 1 1 1 1 1 1 1 1 1 1 1 1 1 1 1 1 1 1 1 1 1 1 1 1 1 1 1 1 1 1 1 1 1 1 1 1 1 1 1 1 1 1 1 0 
0 -1 -1 -1 -1 -1 -1 -1 -1 -1 -1 -1 -1 -1 -1 -1 -1 -1 -1 -1 -1 -1 -1 -1 -1 -1 -1 -1 -1 -1 -1 -1 -1 -1 -1 -1 -1 -1 -1 -1 -1 -1 -1 -1 -1 -1 -1 -1 -1 -1 -1 -1 -1 -1 -1 -1 -1 -1 -1 -1 -1 -1 -1 -1 -1 -1 -1 -1 -1 -1 -1 -1 -1 -1 -1 -1 -1 -1 -1 -1 -1 -1 -1 -1 -1 -1 -1 -1 -1 -1 -1 -1 -1 -1 -1 -1 -1 -1 -1 -1 
1 1 1 1 1 1 1 1 1 1 1 1 1 1 1 1 1 1 1 1 1 1 1 1 1 1 1 1 1 1 1 1 1 1 1 1 1 1 1 1 1 1 1 1 1 1 1 1 1 1 1 1 1 1 1 1 1 1 1 1 1 1 1 1 1 1 1 1 1 1 1 1 1 1 1 1 1 1 1 1 1 1 1 1 1 1 1 1 1 1 1 1 1 1 1 1 1 1 1 0 
0 -1 -1 -1 -1 -1 -1 -1 -1 -1 -1 -1 -1 -1 -1 -1 -1 -1 -1 -1 -1 -1 -1 -1 -1 -1 -1 -1 -1 -1 -1 -1 -1 -1 -1 -1 -1 -1 -1 -1 -1 -1 -1 -1 -1 -1 -1 -1 -1 -1 -1 -1 -1 -1 -1 -1 -1 -1 -1 -1 -1 -1 -1 -1 -1 -1 -1 -1 -1 -1 -1 -1 -1 -1 -1 -1 -1 -1 -1 -1 -1 -1 -1 -1 -1 -1 -1 -1 -1 -1 -1 -1 -1 -1 -1 -1 -1 -1 -1 -1 
1 1 1 1 1 1 1 1 1 1 1 1 1 1 1 1 1 1 1 1 1 1 1 1 1 1 1 1 1 1 1 1 1 1 1 1 1 1 1 1 1 1 1 1 1 1 1 1 1 1 1 1 1 1 1 1 1 1 1 1 1 1 1 1 1 1 1 1 1 1 1 1 1 1 1 1 1 1 1 1 1 1 1 1 1 1 1 1 1 1 1 1 1 1 1 1 1 1 1 0 
0 -1 -1 -1 -1 -1 -1 -1 -1 -1 -1 -1 -1 -1 -1 -1 -1 -1 -1 -1 -1 -1 -1 -1 -1 -1 -1 -1 -1 -1 -1 -1 -1 -1 -1 -1 -1 -1 -1 -1 -1 -1 -1 -1 -1 -1 -1 -1 -1 -1 -1 -1 -1 -1 -1 -1 -1 -1 -1 -1 -1 -1 -1 -1 -1 -1 -1 -1 -1 -1 -1 -1 -1 -1 -1 -1 -1 -1 -1 -1 -1 -1 -1 -1 -1 -1 -1 -1 -1 -1 -1 -1 -1 -1 -1 -1 -1 -1 -1 -1 
1 1 1 1 1 1 1 1 1 1 1 1 1 1 1 1 1 1 1 1 1 1 1 1 1 1 1 1 1 1 1 1 1 1 1 1 1 1 1 1 1 1 1 1 1 1 1 1 1 1 1 1 1 1 1 1 1 1 1 1 1 1 1 1 1 1 1 1 1 1 1 1 1 1 1 1 1 1 1 1 1 1 1 1 1 1 1 1 1 1 1 1 1 1 1 1 1 1 1 0 
0 -1 -1 -1 -1 -1 -1 -1 -1 -1 -1 -1 -1 -1 -1 -1 -1 -1 -1 -1 -1 -1 -1 -1 -1 -1 -1 -1 -1 -1 -1 -1 -1 -1 -1 -1 -1 -1 -1 -1 -1 -1 -1 -1 -1 -1 -1 -1 -1 -1 -1 -1 -1 -1 -1 -1 -1 -1 -1 -1 -1 -1 -1 -1 -1 -1 -1 -1 -1 -1 -1 -1 -1 -1 -1 -1 -1 -1 -1 -1 -1 -1 -1 -1 -1 -1 -1 -1 -1 -1 -1 -1 -1 -1 -1 -1 -1 -1 -1 -1 
1 1 1 1 1 1 1 1 1 1 1 1 1 1 1 1 1 1 1 1 1 1 1 1 1 1 1 1 1 1 1 1 1 1 1 1 1 1 1 1 1 1 1 1 1 1 1 1 1 1 1 1 1 1 1 1 1 1 1 1 1 1 1 1 1 1 1 1 1 1 1 1 1 1 1 1 1 1 1 1 1 1 1 1 1 1 1 1 1 1 1 1 1 1 1 1 1 1 1 0 
0 -1 -1 -1 -1 -1 -1 -1 -1 -1 -1 -1 -1 -1 -1 -1 -1 -1 -1 -1 -1 -1 -1 -1 -1 -1 -1 -1 -1 -1 -1 -1 -1 -1 -1 -1 -1 -1 -1 -1 -1 -1 -1 -1 -1 -1 -1 -1 -1 -1 -1 -1 -1 -1 -1 -1 -1 -1 -1 -1 -1 -1 -1 -1 -1 -1 -1 -1 -1 -1 -1 -1 -1 -1 -1 -1 -1 -1 -1 -1 -1 -1 -1 -1 -1 -1 -1 -1 -1 -1 -1 -1 -1 -1 -1 -1 -1 -1 -1 -1 
1 1 1 1 1 1 1 1 1 1 1 1 1 1 1 1 1 1 1 1 1 1 1 1 1 1 1 1 1 1 1 1 1 1 1 1 1 1 1 1 1 1 1 1 1 1 1 1 1 1 1 1 1 1 1 1 1 1 1 1 1 1 1 1 1 1 1 1 1 1 1 1 1 1 1 1 1 1 1 1 1 1 1 1 1 1 1 1 1 1 1 1 1 1 1 1 1 1 1 0 
0 -1 -1 -1 -1 -1 -1 -1 -1 -1 -1 -1 -1 -1 -1 -1 -1 -1 -1 -1 -1 -1 -1 -1 -1 -1 -1 -1 -1 -1 -1 -1 -1 -1 -1 -1 -1 -1 -1 -1 -1 -1 -1 -1 -1 -1 -1 -1 -1 -1 -1 -1 -1 -1 -1 -1 -1 -1 -1 -1 -1 -1 -1 -1 -1 -1 -1 -1 -1 -1 -1 -1 -1 -1 -1 -1 -1 -1 -1 -1 -1 -1 -1 -1 -1 -1 -1 -1 -1 -1 -1 -1 -1 -1 -1 -1 -1 -1 -1 -1 
1 1 1 1 1 1 1 1 1 1 1 1 1 1 1 1 1 1 1 1 1 1 1 1 1 1 1 1 1 1 1 1 1 1 1 1 1 1 1 1 1 1 1 1 1 1 1 1 1 1 1 1 1 1 1 1 1 1 1 1 1 1 1 1 1 1 1 1 1 1 1 1 1 1 1 1 1 1 1 1 1 1 1 1 1 1 1 1 1 1 1 1 1 1 1 1 1 1 1 0 
0 -1 -1 -1 -1 -1 -1 -1 -1 -1 -1 -1 -1 -1 -1 -1 -1 -1 -1 -1 -1 -1 -1 -1 -1 -1 -1 -1 -1 -1 -1 -1 -1 -1 -1 -1 -1 -1 -1 -1 -1 -1 -1 -1 -1 -1 -1 -1 -1 -1 -1 -1 -1 -1 -1 -1 -1 -1 -1 -1 -1 -1 -1 -1 -1 -1 -1 -1 -1 -1 -1 -1 -1 -1 -1 -1 -1 -1 -1 -1 -1 -1 -1 -1 -1 -1 -1 -1 -1 -1 -1 -1 -1 -1 -1 -1 -1 -1 -1 -1 
0 0 0 0 0 0 0 0 0 0 0 0 0 0 0 0 0 0 0 0 0 0 0 0 0 0 0 0 0 0 0 0 0 0 0 0 0 0 0 0 0 0 0 0 0 0 0 0 0 0 0 0 0 0 0 0 0 0 0 0 0 0 0 0 0 0 0 0 0 0 0 0 0 0 0 0 0 0 0 0 0 0 0 0 0 0 0 0 0 0 0 0 0 0 0 0 0 0 0 1 
1 0 0 0 0 0 0 0 0 0 0 0 0 0 0 0 0 0 0 0 0 0 0 0 0 0 0 0 0 0 0 0 0 0 0 0 0 0 0 0 0 0 0 0 0 0 0 0 0 0 0 0 0 0 0 0 0 0 0 0 0 0 0 0 0 0 0 0 0 0 0 0 0 0 0 0 0 0 0 0 0 0 0 0 0 0 0 0 0 0 0 0 0 0 0 0 0 0 0 0 
0 0 0 0 0 0 0 0 0 0 0 0 0 0 0 0 0 0 0 0 0 0 0 0 0 0 0 0 0 0 0 0 0 0 0 0 0 0 0 0 0 0 0 0 0 0 0 0 0 0 0 0 0 0 0 0 0 0 0 0 0 0 0 0 0 0 0 0 0 0 0 0 0 0 0 0 0 0 0 0 0 0 0 0 0 0 0 0 0 0 0 0 0 0 0 0 0 0 0 1 
1 0 0 0 0 0 0 0 0 0 0 0 0 0 0 0 0 0 0 0 0 0 0 0 0 0 0 0 0 0 0 0 0 0 0 0 0 0 0 0 0 0 0 0 0 0 0 0 0 0 0 0 0 0 0 0 0 0 0 0 0 0 0 0 0 0 0 0 0 0 0 0 0 0 0 0 0 0 0 0 0 0 0 0 0 0 0 0 0 0 0 0 0 0 0 0 0 0 0 0 
0 0 0 0 0 0 0 0 0 0 0 0 0 0 0 0 0 0 0 0 0 0 0 0 0 0 0 0 0 0 0 0 0 0 0 0 0 0 0 0 0 0 0 0 0 0 0 0 0 0 0 0 0 0 0 0 0 0 0 0 0 0 0 0 0 0 0 0 0 0 0 0 0 0 0 0 0 0 0 0 0 0 0 0 0 0 0 0 0 0 0 0 0 0 0 0 0 0 0 1 
1 0 0 0 0 0 0 0 0 0 0 0 0 0 0 0 0 0 0 0 0 0 0 0 0 0 0 0 0 0 0 0 0 0 0 0 0 0 0 0 0 0 0 0 0 0 0 0 0 0 0 0 0 0 0 0 0 0 0 0 0 0 0 0 0 0 0 0 0 0 0 0 0 0 0 0 0 0 0 0 0 0 0 0 0 0 0 0 0 0 0 0 0 0 0 0 0 0 0 0 
0 0 0 0 0 0 0 0 0 0 0 0 0 0 0 0 0 0 0 0 0 0 0 0 0 0 0 0 0 0 0 0 0 0 0 0 0 0 0 0 0 0 0 0 0 0 0 0 0 0 0 0 0 0 0 0 0 0 0 0 0 0 0 0 0 0 0 0 0 0 0 0 0 0 0 0 0 0 0 0 0 0 0 0 0 0 0 0 0 0 0 0 0 0 0 0 0 0 0 1 
1 0 0 0 0 0 0 0 0 0 0 0 0 0 0 0 0 0 0 0 0 0 0 0 0 0 0 0 0 0 0 0 0 0 0 0 0 0 0 0 0 0 0 0 0 0 0 0 0 0 0 0 0 0 0 0 0 0 0 0 0 0 0 0 0 0 0 0 0 0 0 0 0 0 0 0 0 0 0 0 0 0 0 0 0 0 0 0 0 0 0 0 0 0 0 0 0 0 0 0 
0 0 0 0 0 0 0 0 0 0 0 0 0 0 0 0 0 0 0 0 0 0 0 0 0 0 0 0 0 0 0 0 0 0 0 0 0 0 0 0 0 0 0 0 0 0 0 0 0 0 0 0 0 0 0 0 0 0 0 0 0 0 0 0 0 0 0 0 0 0 0 0 0 0 0 0 0 0 0 0 0 0 0 0 0 0 0 0 0 0 0 0 0 0 0 0 0 0 0 1 
1 0 0 0 0 0 0 0 0 0 0 0 0 0 0 0 0 0 0 0 0 0 0 0 0 0 0 0 0 0 0 0 0 0 0 0 0 0 0 0 0 0 0 0 0 0 0 0 0 0 0 0 0 0 0 0 0 0 0 0 0 0 0 0 0 0 0 0 0 0 0 0 0 0 0 0 0 0 0 0 0 0 0 0 0 0 0 0 0 0 0 0 0 0 0 0 0 0 0 0 
0 0 0 0 0 0 0 0 0 0 0 0 0 0 0 0 0 0 0 0 0 0 0 0 0 0 0 0 0 0 0 0 0 0 0 0 0 0 0 0 0 0 0 0 0 0 0 0 0 0 0 0 0 0 0 0 0 0 0 0 0 0 0 0 0 0 0 0 0 0 0 0 0 0 0 0 0 0 0 0 0 0 0 0 0 0 0 0 0 0 0 0 0 0 0 0 0 0 0 1 
1 0 0 0 0 0 0 0 0 0 0 0 0 0 0 0 0 0 0 0 0 0 0 0 0 0 0 0 0 0 0 0 0 0 0 0 0 0 0 0 0 0 0 0 0 0 0 0 0 0 0 0 0 0 0 0 0 0 0 0 0 0 0 0 0 0 0 0 0 0 0 0 0 0 0 0 0 0 0 0 0 0 0 0 0 0 0 0 0 0 0 0 0 0 0 0 0 0 0 0 
0 0 0 0 0 0 0 0 0 0 0 0 0 0 0 0 0 0 0 0 0 0 0 0 0 0 0 0 0 0 0 0 0 0 0 0 0 0 0 0 0 0 0 0 0 0 0 0 0 0 0 0 0 0 0 0 0 0 0 0 0 0 0 0 0 0 0 0 0 0 0 0 0 0 0 0 0 0 0 0 0 0 0 0 0 0 0 0 0 0 0 0 0 0 0 0 0 0 0 1 
1 0 0 0 0 0 0 0 0 0 0 0 0 0 0 0 0 0 0 0 0 0 0 0 0 0 0 0 0 0 0 0 0 0 0 0 0 0 0 0 0 0 0 0 0 0 0 0 0 0 0 0 0 0 0 0 0 0 0 0 0 0 0 0 0 0 0 0 0 0 0 0 0 0 0 0 0 0 0 0 0 0 0 0 0 0 0 0 0 0 0 0 0 0 0 0 0 0 0 0 
0 0 0 0 0 0 0 0 0 0 0 0 0 0 0 0 0 0 0 0 0 0 0 0 0 0 0 0 0 0 0 0 0 0 0 0 0 0 0 0 0 0 0 0 0 0 0 0 0 0 0 0 0 0 0 0 0 0 0 0 0 0 0 0 0 0 0 0 0 0 0 0 0 0 0 0 0 0 0 0 0 0 0 0 0 0 0 0 0 0 0 0 0 0 0 0 0 0 0 1 
1 0 0 0 0 0 0 0 0 0 0 0 0 0 0 0 0 0 0 0 0 0 0 0 0 0 0 0 0 0 0 0 0 0 0 0 0 0 0 0 0 0 0 0 0 0 0 0 0 0 0 0 0 0 0 0 0 0 0 0 0 0 0 0 0 0 0 0 0 0 0 0 0 0 0 0 0 0 0 0 0 0 0 0 0 0 0 0 0 0 0 0 0 0 0 0 0 0 0 0 
0 0 0 0 0 0 0 0 0 0 0 0 0 0 0 0 0 0 0 0 0 0 0 0 0 0 0 0 0 0 0 0 0 0 0 0 0 0 0 0 0 0 0 0 0 0 0 0 0 0 0 0 0 0 0 0 0 0 0 0 0 0 0 0 0 0 0 0 0 0 0 0 0 0 0 0 0 0 0 0 0 0 0 0 0 0 0 0 0 0 0 0 0 0 0 0 0 0 0 1 
1 0 0 0 0 0 0 0 0 0 0 0 0 0 0 0 0 0 0 0 0 0 0 0 0 0 0 0 0 0 0 0 0 0 0 0 0 0 0 0 0 0 0 0 0 0 0 0 0 0 0 0 0 0 0 0 0 0 0 0 0 0 0 0 0 0 0 0 0 0 0 0 0 0 0 0 0 0 0 0 0 0 0 0 0 0 0 0 0 0 0 0 0 0 0 0 0 0 0 0 
0 0 0 0 0 0 0 0 0 0 0 0 0 0 0 0 0 0 0 0 0 0 0 0 0 0 0 0 0 0 0 0 0 0 0 0 0 0 0 0 0 0 0 0 0 0 0 0 0 0 0 0 0 0 0 0 0 0 0 0 0 0 0 0 0 0 0 0 0 0 0 0 0 0 0 0 0 0 0 0 0 0 0 0 0 0 0 0 0 0 0 0 0 0 0 0 0 0 0 1 
1 0 0 0 0 0 0 0 0 0 0 0 0 0 0 0 0 0 0 0 0 0 0 0 0 0 0 0 0 0 0 0 0 0 0 0 0 0 0 0 0 0 0 0 0 0 0 0 0 0 0 0 0 0 0 0 0 0 0 0 0 0 0 0 0 0 0 0 0 0 0 0 0 0 0 0 0 0 0 0 0 0 0 0 0 0 0 0 0 0 0 0 0 0 0 0 0 0 0 0 
0 0 0 0 0 0 0 0 0 0 0 0 0 0 0 0 0 0 0 0 0 0 0 0 0 0 0 0 0 0 0 0 0 0 0 0 0 0 0 0 0 0 0 0 0 0 0 0 0 0 0 0 0 0 0 0 0 0 0 0 0 0 0 0 0 0 0 0 0 0 0 0 0 0 0 0 0 0 0 0 0 0 0 0 0 0 0 0 0 0 0 0 0 0 0 0 0 0 0 1 
1 0 0 0 0 0 0 0 0 0 0 0 0 0 0 0 0 0 0 0 0 0 0 0 0 0 0 0 0 0 0 0 0 0 0 0 0 0 0 0 0 0 0 0 0 0 0 0 0 0 0 0 0 0 0 0 0 0 0 0 0 0 0 0 0 0 0 0 0 0 0 0 0 0 0 0 0 0 0 0 0 0 0 0 0 0 0 0 0 0 0 0 0 0 0 0 0 0 0 0 
0 0 0 0 0 0 0 0 0 0 0 0 0 0 0 0 0 0 0 0 0 0 0 0 0 0 0 0 0 0 0 0 0 0 0 0 0 0 0 0 0 0 0 0 0 0 0 0 0 0 0 0 0 0 0 0 0 0 0 0 0 0 0 0 0 0 0 0 0 0 0 0 0 0 0 0 0 0 0 0 0 0 0 0 0 0 0 0 0 0 0 0 0 0 0 0 0 0 0 1 
1 0 0 0 0 0 0 0 0 0 0 0 0 0 0 0 0 0 0 0 0 0 0 0 0 0 0 0 0 0 0 0 0 0 0 0 0 0 0 0 0 0 0 0 0 0 0 0 0 0 0 0 0 0 0 0 0 0 0 0 0 0 0 0 0 0 0 0 0 0 0 0 0 0 0 0 0 0 0 0 0 0 0 0 0 0 0 0 0 0 0 0 0 0 0 0 0 0 0 0 
0 0 0 0 0 0 0 0 0 0 0 0 0 0 0 0 0 0 0 0 0 0 0 0 0 0 0 0 0 0 0 0 0 0 0 0 0 0 0 0 0 0 0 0 0 0 0 0 0 0 0 0 0 0 0 0 0 0 0 0 0 0 0 0 0 0 0 0 0 0 0 0 0 0 0 0 0 0 0 0 0 0 0 0 0 0 0 0 0 0 0 0 0 0 0 0 0 0 0 1 
1 0 0 0 0 0 0 0 0 0 0 0 0 0 0 0 0 0 0 0 0 0 0 0 0 0 0 0 0 0 0 0 0 0 0 0 0 0 0 0 0 0 0 0 0 0 0 0 0 0 0 0 0 0 0 0 0 0 0 0 0 0 0 0 0 0 0 0 0 0 0 0 0 0 0 0 0 0 0 0 0 0 0 0 0 0 0 0 0 0 0 0 0 0 0 0 0 0 0 0 
0 0 0 0 0 0 0 0 0 0 0 0 0 0 0 0 0 0 0 0 0 0 0 0 0 0 0 0 0 0 0 0 0 0 0 0 0 0 0 0 0 0 0 0 0 0 0 0 0 0 0 0 0 0 0 0 0 0 0 0 0 0 0 0 0 0 0 0 0 0 0 0 0 0 0 0 0 0 0 0 0 0 0 0 0 0 0 0 0 0 0 0 0 0 0 0 0 0 0 1 
1 0 0 0 0 0 0 0 0 0 0 0 0 0 0 0 0 0 0 0 0 0 0 0 0 0 0 0 0 0 0 0 0 0 0 0 0 0 0 0 0 0 0 0 0 0 0 0 0 0 0 0 0 0 0 0 0 0 0 0 0 0 0 0 0 0 0 0 0 0 0 0 0 0 0 0 0 0 0 0 0 0 0 0 0 0 0 0 0 0 0 0 0 0 0 0 0 0 0 0 
0 0 0 0 0 0 0 0 0 0 0 0 0 0 0 0 0 0 0 0 0 0 0 0 0 0 0 0 0 0 0 0 0 0 0 0 0 0 0 0 0 0 0 0 0 0 0 0 0 0 0 0 0 0 0 0 0 0 0 0 0 0 0 0 0 0 0 0 0 0 0 0 0 0 0 0 0 0 0 0 0 0 0 0 0 0 0 0 0 0 0 0 0 0 0 0 0 0 0 1 
1 0 0 0 0 0 0 0 0 0 0 0 0 0 0 0 0 0 0 0 0 0 0 0 0 0 0 0 0 0 0 0 0 0 0 0 0 0 0 0 0 0 0 0 0 0 0 0 0 0 0 0 0 0 0 0 0 0 0 0 0 0 0 0 0 0 0 0 0 0 0 0 0 0 0 0 0 0 0 0 0 0 0 0 0 0 0 0 0 0 0 0 0 0 0 0 0 0 0 0 
0 0 0 0 0 0 0 0 0 0 0 0 0 0 0 0 0 0 0 0 0 0 0 0 0 0 0 0 0 0 0 0 0 0 0 0 0 0 0 0 0 0 0 0 0 0 0 0 0 0 0 0 0 0 0 0 0 0 0 0 0 0 0 0 0 0 0 0 0 0 0 0 0 0 0 0 0 0 0 0 0 0 0 0 0 0 0 0 0 0 0 0 0 0 0 0 0 0 0 1 
1 0 0 0 0 0 0 0 0 0 0 0 0 0 0 0 0 0 0 0 0 0 0 0 0 0 0 0 0 0 0 0 0 0 0 0 0 0 0 0 0 0 0 0 0 0 0 0 0 0 0 0 0 0 0 0 0 0 0 0 0 0 0 0 0 0 0 0 0 0 0 0 0 0 0 0 0 0 0 0 0 0 0 0 0 0 0 0 0 0 0 0 0 0 0 0 0 0 0 0 
0 0 0 0 0 0 0 0 0 0 0 0 0 0 0 0 0 0 0 0 0 0 0 0 0 0 0 0 0 0 0 0 0 0 0 0 0 0 0 0 0 0 0 0 0 0 0 0 0 0 0 0 0 0 0 0 0 0 0 0 0 0 0 0 0 0 0 0 0 0 0 0 0 0 0 0 0 0 0 0 0 0 0 0 0 0 0 0 0 0 0 0 0 0 0 0 0 0 0 1 
1 0 0 0 0 0 0 0 0 0 0 0 0 0 0 0 0 0 0 0 0 0 0 0 0 0 0 0 0 0 0 0 0 0 0 0 0 0 0 0 0 0 0 0 0 0 0 0 0 0 0 0 0 0 0 0 0 0 0 0 0 0 0 0 0 0 0 0 0 0 0 0 0 0 0 0 0 0 0 0 0 0 0 0 0 0 0 0 0 0 0 0 0 0 0 0 0 0 0 0 
0 0 0 0 0 0 0 0 0 0 0 0 0 0 0 0 0 0 0 0 0 0 0 0 0 0 0 0 0 0 0 0 0 0 0 0 0 0 0 0 0 0 0 0 0 0 0 0 0 0 0 0 0 0 0 0 0 0 0 0 0 0 0 0 0 0 0 0 0 0 0 0 0 0 0 0 0 0 0 0 0 0 0 0 0 0 0 0 0 0 0 0 0 0 0 0 0 0 0 1 
1 0 0 0 0 0 0 0 0 0 0 0 0 0 0 0 0 0 0 0 0 0 0 0 0 0 0 0 0 0 0 0 0 0 0 0 0 0 0 0 0 0 0 0 0 0 0 0 0 0 0 0 0 0 0 0 0 0 0 0 0 0 0 0 0 0 0 0 0 0 0 0 0 0 0 0 0 0 0 0 0 0 0 0 0 0 0 0 0 0 0 0 0 0 0 0 0 0 0 0 
0 0 0 0 0 0 0 0 0 0 0 0 0 0 0 0 0 0 0 0 0 0 0 0 0 0 0 0 0 0 0 0 0 0 0 0 0 0 0 0 0 0 0 0 0 0 0 0 0 0 0 0 0 0 0 0 0 0 0 0 0 0 0 0 0 0 0 0 0 0 0 0 0 0 0 0 0 0 0 0 0 0 0 0 0 0 0 0 0 0 0 0 0 0 0 0 0 0 0 1 
1 0 0 0 0 0 0 0 0 0 0 0 0 0 0 0 0 0 0 0 0 0 0 0 0 0 0 0 0 0 0 0 0 0 0 0 0 0 0 0 0 0 0 0 0 0 0 0 0 0 0 0 0 0 0 0 0 0 0 0 0 0 0 0 0 0 0 0 0 0 0 0 0 0 0 0 0 0 0 0 0 0 0 0 0 0 0 0 0 0 0 0 0 0 0 0 0 0 0 0 
0 0 0 0 0 0 0 0 0 0 0 0 0 0 0 0 0 0 0 0 0 0 0 0 0 0 0 0 0 0 0 0 0 0 0 0 0 0 0 0 0 0 0 0 0 0 0 0 0 0 0 0 0 0 0 0 0 0 0 0 0 0 0 0 0 0 0 0 0 0 0 0 0 0 0 0 0 0 0 0 0 0 0 0 0 0 0 0 0 0 0 0 0 0 0 0 0 0 0 1 
1 0 0 0 0 0 0 0 0 0 0 0 0 0 0 0 0 0 0 0 0 0 0 0 0 0 0 0 0 0 0 0 0 0 0 0 0 0 0 0 0 0 0 0 0 0 0 0 0 0 0 0 0 0 0 0 0 0 0 0 0 0 0 0 0 0 0 0 0 0 0 0 0 0 0 0 0 0 0 0 0 0 0 0 0 0 0 0 0 0 0 0 0 0 0 0 0 0 0 0 
0 0 0 0 0 0 0 0 0 0 0 0 0 0 0 0 0 0 0 0 0 0 0 0 0 0 0 0 0 0 0 0 0 0 0 0 0 0 0 0 0 0 0 0 0 0 0 0 0 0 0 0 0 0 0 0 0 0 0 0 0 0 0 0 0 0 0 0 0 0 0 0 0 0 0 0 0 0 0 0 0 0 0 0 0 0 0 0 0 0 0 0 0 0 0 0 0 0 0 1 
1 0 0 0 0 0 0 0 0 0 0 0 0 0 0 0 0 0 0 0 0 0 0 0 0 0 0 0 0 0 0 0 0 0 0 0 0 0 0 0 0 0 0 0 0 0 0 0 0 0 0 0 0 0 0 0 0 0 0 0 0 0 0 0 0 0 0 0 0 0 0 0 0 0 0 0 0 0 0 0 0 0 0 0 0 0 0 0 0 0 0 0 0 0 0 0 0 0 0 0 
0 0 0 0 0 0 0 0 0 0 0 0 0 0 0 0 0 0 0 0 0 0 0 0 0 0 0 0 0 0 0 0 0 0 0 0 0 0 0 0 0 0 0 0 0 0 0 0 0 0 0 0 0 0 0 0 0 0 0 0 0 0 0 0 0 0 0 0 0 0 0 0 0 0 0 0 0 0 0 0 0 0 0 0 0 0 0 0 0 0 0 0 0 0 0 0 0 0 0 1 
1 0 0 0 0 0 0 0 0 0 0 0 0 0 0 0 0 0 0 0 0 0 0 0 0 0 0 0 0 0 0 0 0 0 0 0 0 0 0 0 0 0 0 0 0 0 0 0 0 0 0 0 0 0 0 0 0 0 0 0 0 0 0 0 0 0 0 0 0 0 0 0 0 0 0 0 0 0 0 0 0 0 0 0 0 0 0 0 0 0 0 0 0 0 0 0 0 0 0 0 
0 0 0 0 0 0 0 0 0 0 0 0 0 0 0 0 0 0 0 0 0 0 0 0 0 0 0 0 0 0 0 0 0 0 0 0 0 0 0 0 0 0 0 0 0 0 0 0 0 0 0 0 0 0 0 0 0 0 0 0 0 0 0 0 0 0 0 0 0 0 0 0 0 0 0 0 0 0 0 0 0 0 0 0 0 0 0 0 0 0 0 0 0 0 0 0 0 0 0 1 
1 0 0 0 0 0 0 0 0 0 0 0 0 0 0 0 0 0 0 0 0 0 0 0 0 0 0 0 0 0 0 0 0 0 0 0 0 0 0 0 0 0 0 0 0 0 0 0 0 0 0 0 0 0 0 0 0 0 0 0 0 0 0 0 0 0 0 0 0 0 0 0 0 0 0 0 0 0 0 0 0 0 0 0 0 0 0 0 0 0 0 0 0 0 0 0 0 0 0 0 
0 0 0 0 0 0 0 0 0 0 0 0 0 0 0 0 0 0 0 0 0 0 0 0 0 0 0 0 0 0 0 0 0 0 0 0 0 0 0 0 0 0 0 0 0 0 0 0 0 0 0 0 0 0 0 0 0 0 0 0 0 0 0 0 0 0 0 0 0 0 0 0 0 0 0 0 0 0 0 0 0 0 0 0 0 0 0 0 0 0 0 0 0 0 0 0 0 0 0 1 
1 0 0 0 0 0 0 0 0 0 0 0 0 0 0 0 0 0 0 0 0 0 0 0 0 0 0 0 0 0 0 0 0 0 0 0 0 0 0 0 0 0 0 0 0 0 0 0 0 0 0 0 0 0 0 0 0 0 0 0 0 0 0 0 0 0 0 0 0 0 0 0 0 0 0 0 0 0 0 0 0 0 0 0 0 0 0 0 0 0 0 0 0 0 0 0 0 0 0 0 
0 0 0 0 0 0 0 0 0 0 0 0 0 0 0 0 0 0 0 0 0 0 0 0 0 0 0 0 0 0 0 0 0 0 0 0 0 0 0 0 0 0 0 0 0 0 0 0 0 0 0 0 0 0 0 0 0 0 0 0 0 0 0 0 0 0 0 0 0 0 0 0 0 0 0 0 0 0 0 0 0 0 0 0 0 0 0 0 0 0 0 0 0 0 0 0 0 0 0 1 
1 0 0 0 0 0 0 0 0 0 0 0 0 0 0 0 0 0 0 0 0 0 0 0 0 0 0 0 0 0 0 0 0 0 0 0 0 0 0 0 0 0 0 0 0 0 0 0 0 0 0 0 0 0 0 0 0 0 0 0 0 0 0 0 0 0 0 0 0 0 0 0 0 0 0 0 0 0 0 0 0 0 0 0 0 0 0 0 0 0 0 0 0 0 0 0 0 0 0 0 
0 0 0 0 0 0 0 0 0 0 0 0 0 0 0 0 0 0 0 0 0 0 0 0 0 0 0 0 0 0 0 0 0 0 0 0 0 0 0 0 0 0 0 0 0 0 0 0 0 0 0 0 0 0 0 0 0 0 0 0 0 0 0 0 0 0 0 0 0 0 0 0 0 0 0 0 0 0 0 0 0 0 0 0 0 0 0 0 0 0 0 0 0 0 0 0 0 0 0 1 
1 0 0 0 0 0 0 0 0 0 0 0 0 0 0 0 0 0 0 0 0 0 0 0 0 0 0 0 0 0 0 0 0 0 0 0 0 0 0 0 0 0 0 0 0 0 0 0 0 0 0 0 0 0 0 0 0 0 0 0 0 0 0 0 0 0 0 0 0 0 0 0 0 0 0 0 0 0 0 0 0 0 0 0 0 0 0 0 0 0 0 0 0 0 0 0 0 0 0 0 
0 0 0 0 0 0 0 0 0 0 0 0 0 0 0 0 0 0 0 0 0 0 0 0 0 0 0 0 0 0 0 0 0 0 0 0 0 0 0 0 0 0 0 0 0 0 0 0 0 0 0 0 0 0 0 0 0 0 0 0 0 0 0 0 0 0 0 0 0 0 0 0 0 0 0 0 0 0 0 0 0 0 0 0 0 0 0 0 0 0 0 0 0 0 0 0 0 0 0 1 
1 0 0 0 0 0 0 0 0 0 0 0 0 0 0 0 0 0 0 0 0 0 0 0 0 0 0 0 0 0 0 0 0 0 0 0 0 0 0 0 0 0 0 0 0 0 0 0 0 0 0 0 0 0 0 0 0 0 0 0 0 0 0 0 0 0 0 0 0 0 0 0 0 0 0 0 0 0 0 0 0 0 0 0 0 0 0 0 0 0 0 0 0 0 0 0 0 0 0 0 
0 0 0 0 0 0 0 0 0 0 0 0 0 0 0 0 0 0 0 0 0 0 0 0 0 0 0 0 0 0 0 0 0 0 0 0 0 0 0 0 0 0 0 0 0 0 0 0 0 0 0 0 0 0 0 0 0 0 0 0 0 0 0 0 0 0 0 0 0 0 0 0 0 0 0 0 0 0 0 0 0 0 0 0 0 0 0 0 0 0 0 0 0 0 0 0 0 0 0 1 
1 0 0 0 0 0 0 0 0 0 0 0 0 0 0 0 0 0 0 0 0 0 0 0 0 0 0 0 0 0 0 0 0 0 0 0 0 0 0 0 0 0 0 0 0 0 0 0 0 0 0 0 0 0 0 0 0 0 0 0 0 0 0 0 0 0 0 0 0 0 0 0 0 0 0 0 0 0 0 0 0 0 0 0 0 0 0 0 0 0 0 0 0 0 0 0 0 0 0 0 
0 0 0 0 0 0 0 0 0 0 0 0 0 0 0 0 0 0 0 0 0 0 0 0 0 0 0 0 0 0 0 0 0 0 0 0 0 0 0 0 0 0 0 0 0 0 0 0 0 0 0 0 0 0 0 0 0 0 0 0 0 0 0 0 0 0 0 0 0 0 0 0 0 0 0 0 0 0 0 0 0 0 0 0 0 0 0 0 0 0 0 0 0 0 0 0 0 0 0 1 
1 0 0 0 0 0 0 0 0 0 0 0 0 0 0 0 0 0 0 0 0 0 0 0 0 0 0 0 0 0 0 0 0 0 0 0 0 0 0 0 0 0 0 0 0 0 0 0 0 0 0 0 0 0 0 0 0 0 0 0 0 0 0 0 0 0 0 0 0 0 0 0 0 0 0 0 0 0 0 0 0 0 0 0 0 0 0 0 0 0 0 0 0 0 0 0 0 0 0 0 
0 0 0 0 0 0 0 0 0 0 0 0 0 0 0 0 0 0 0 0 0 0 0 0 0 0 0 0 0 0 0 0 0 0 0 0 0 0 0 0 0 0 0 0 0 0 0 0 0 0 0 0 0 0 0 0 0 0 0 0 0 0 0 0 0 0 0 0 0 0 0 0 0 0 0 0 0 0 0 0 0 0 0 0 0 0 0 0 0 0 0 0 0 0 0 0 0 0 0 1 
1 0 0 0 0 0 0 0 0 0 0 0 0 0 0 0 0 0 0 0 0 0 0 0 0 0 0 0 0 0 0 0 0 0 0 0 0 0 0 0 0 0 0 0 0 0 0 0 0 0 0 0 0 0 0 0 0 0 0 0 0 0 0 0 0 0 0 0 0 0 0 0 0 0 0 0 0 0 0 0 0 0 0 0 0 0 0 0 0 0 0 0 0 0 0 0 0 0 0 0 
0 0 0 0 0 0 0 0 0 0 0 0 0 0 0 0 0 0 0 0 0 0 0 0 0 0 0 0 0 0 0 0 0 0 0 0 0 0 0 0 0 0 0 0 0 0 0 0 0 0 0 0 0 0 0 0 0 0 0 0 0 0 0 0 0 0 0 0 0 0 0 0 0 0 0 0 0 0 0 0 0 0 0 0 0 0 0 0 0 0 0 0 0 0 0 0 0 0 0 1 
1 0 0 0 0 0 0 0 0 0 0 0 0 0 0 0 0 0 0 0 0 0 0 0 0 0 0 0 0 0 0 0 0 0 0 0 0 0 0 0 0 0 0 0 0 0 0 0 0 0 0 0 0 0 0 0 0 0 0 0 0 0 0 0 0 0 0 0 0 0 0 0 0 0 0 0 0 0 0 0 0 0 0 0 0 0 0 0 0 0 0 0 0 0 0 0 0 0 0 0 
0 0 0 0 0 0 0 0 0 0 0 0 0 0 0 0 0 0 0 0 0 0 0 0 0 0 0 0 0 0 0 0 0 0 0 0 0 0 0 0 0 0 0 0 0 0 0 0 0 0 0 0 0 0 0 0 0 0 0 0 0 0 0 0 0 0 0 0 0 0 0 0 0 0 0 0 0 0 0 0 0 0 0 0 0 0 0 0 0 0 0 0 0 0 0 0 0 0 0 1 
1 0 0 0 0 0 0 0 0 0 0 0 0 0 0 0 0 0 0 0 0 0 0 0 0 0 0 0 0 0 0 0 0 0 0 0 0 0 0 0 0 0 0 0 0 0 0 0 0 0 0 0 0 0 0 0 0 0 0 0 0 0 0 0 0 0 0 0 0 0 0 0 0 0 0 0 0 0 0 0 0 0 0 0 0 0 0 0 0 0 0 0 0 0 0 0 0 0 0 0 
0 0 0 0 0 0 0 0 0 0 0 0 0 0 0 0 0 0 0 0 0 0 0 0 0 0 0 0 0 0 0 0 0 0 0 0 0 0 0 0 0 0 0 0 0 0 0 0 0 0 0 0 0 0 0 0 0 0 0 0 0 0 0 0 0 0 0 0 0 0 0 0 0 0 0 0 0 0 0 0 0 0 0 0 0 0 0 0 0 0 0 0 0 0 0 0 0 0 0 1 
1 0 0 0 0 0 0 0 0 0 0 0 0 0 0 0 0 0 0 0 0 0 0 0 0 0 0 0 0 0 0 0 0 0 0 0 0 0 0 0 0 0 0 0 0 0 0 0 0 0 0 0 0 0 0 0 0 0 0 0 0 0 0 0 0 0 0 0 0 0 0 0 0 0 0 0 0 0 0 0 0 0 0 0 0 0 0 0 0 0 0 0 0 0 0 0 0 0 0 0 
0 0 0 0 0 0 0 0 0 0 0 0 0 0 0 0 0 0 0 0 0 0 0 0 0 0 0 0 0 0 0 0 0 0 0 0 0 0 0 0 0 0 0 0 0 0 0 0 0 0 0 0 0 0 0 0 0 0 0 0 0 0 0 0 0 0 0 0 0 0 0 0 0 0 0 0 0 0 0 0 0 0 0 0 0 0 0 0 0 0 0 0 0 0 0 0 0 0 0 1 
1 0 0 0 0 0 0 0 0 0 0 0 0 0 0 0 0 0 0 0 0 0 0 0 0 0 0 0 0 0 0 0 0 0 0 0 0 0 0 0 0 0 0 0 0 0 0 0 0 0 0 0 0 0 0 0 0 0 0 0 0 0 0 0 0 0 0 0 0 0 0 0 0 0 0 0 0 0 0 0 0 0 0 0 0 0 0 0 0 0 0 0 0 0 0 0 0 0 0 0 
0 0 0 0 0 0 0 0 0 0 0 0 0 0 0 0 0 0 0 0 0 0 0 0 0 0 0 0 0 0 0 0 0 0 0 0 0 0 0 0 0 0 0 0 0 0 0 0 0 0 0 0 0 0 0 0 0 0 0 0 0 0 0 0 0 0 0 0 0 0 0 0 0 0 0 0 0 0 0 0 0 0 0 0 0 0 0 0 0 0 0 0 0 0 0 0 0 0 0 1 
1 0 0 0 0 0 0 0 0 0 0 0 0 0 0 0 0 0 0 0 0 0 0 0 0 0 0 0 0 0 0 0 0 0 0 0 0 0 0 0 0 0 0 0 0 0 0 0 0 0 0 0 0 0 0 0 0 0 0 0 0 0 0 0 0 0 0 0 0 0 0 0 0 0 0 0 0 0 0 0 0 0 0 0 0 0 0 0 0 0 0 0 0 0 0 0 0 0 0 0 
0 0 0 0 0 0 0 0 0 0 0 0 0 0 0 0 0 0 0 0 0 0 0 0 0 0 0 0 0 0 0 0 0 0 0 0 0 0 0 0 0 0 0 0 0 0 0 0 0 0 0 0 0 0 0 0 0 0 0 0 0 0 0 0 0 0 0 0 0 0 0 0 0 0 0 0 0 0 0 0 0 0 0 0 0 0 0 0 0 0 0 0 0 0 0 0 0 0 0 1 
1 0 0 0 0 0 0 0 0 0 0 0 0 0 0 0 0 0 0 0 0 0 0 0 0 0 0 0 0 0 0 0 0 0 0 0 0 0 0 0 0 0 0 0 0 0 0 0 0 0 0 0 0 0 0 0 0 0 0 0 0 0 0 0 0 0 0 0 0 0 0 0 0 0 0 0 0 0 0 0 0 0 0 0 0 0 0 0 0 0 0 0 0 0 0 0 0 0 0 0 
0 0 0 0 0 0 0 0 0 0 0 0 0 0 0 0 0 0 0 0 0 0 0 0 0 0 0 0 0 0 0 0 0 0 0 0 0 0 0 0 0 0 0 0 0 0 0 0 0 0 0 0 0 0 0 0 0 0 0 0 0 0 0 0 0 0 0 0 0 0 0 0 0 0 0 0 0 0 0 0 0 0 0 0 0 0 0 0 0 0 0 0 0 0 0 0 0 0 0 1 
1 0 0 0 0 0 0 0 0 0 0 0 0 0 0 0 0 0 0 0 0 0 0 0 0 0 0 0 0 0 0 0 0 0 0 0 0 0 0 0 0 0 0 0 0 0 0 0 0 0 0 0 0 0 0 0 0 0 0 0 0 0 0 0 0 0 0 0 0 0 0 0 0 0 0 0 0 0 0 0 0 0 0 0 0 0 0 0 0 0 0 0 0 0 0 0 0 0 0 0 
0 0 0 0 0 0 0 0 0 0 0 0 0 0 0 0 0 0 0 0 0 0 0 0 0 0 0 0 0 0 0 0 0 0 0 0 0 0 0 0 0 0 0 0 0 0 0 0 0 0 0 0 0 0 0 0 0 0 0 0 0 0 0 0 0 0 0 0 0 0 0 0 0 0 0 0 0 0 0 0 0 0 0 0 0 0 0 0 0 0 0 0 0 0 0 0 0 0 0 1 
1 0 0 0 0 0 0 0 0 0 0 0 0 0 0 0 0 0 0 0 0 0 0 0 0 0 0 0 0 0 0 0 0 0 0 0 0 0 0 0 0 0 0 0 0 0 0 0 0 0 0 0 0 0 0 0 0 0 0 0 0 0 0 0 0 0 0 0 0 0 0 0 0 0 0 0 0 0 0 0 0 0 0 0 0 0 0 0 0 0 0 0 0 0 0 0 0 0 0 0 
0 0 0 0 0 0 0 0 0 0 0 0 0 0 0 0 0 0 0 0 0 0 0 0 0 0 0 0 0 0 0 0 0 0 0 0 0 0 0 0 0 0 0 0 0 0 0 0 0 0 0 0 0 0 0 0 0 0 0 0 0 0 0 0 0 0 0 0 0 0 0 0 0 0 0 0 0 0 0 0 0 0 0 0 0 0 0 0 0 0 0 0 0 0 0 0 0 0 0 1 
1 0 0 0 0 0 0 0 0 0 0 0 0 0 0 0 0 0 0 0 0 0 0 0 0 0 0 0 0 0 0 0 0 0 0 0 0 0 0 0 0 0 0 0 0 0 0 0 0 0 0 0 0 0 0 0 0 0 0 0 0 0 0 0 0 0 0 0 0 0 0 0 0 0 0 0 0 0 0 0 0 0 0 0 0 0 0 0 0 0 0 0 0 0 0 0 0 0 0 0 
0 0 0 0 0 0 0 0 0 0 0 0 0 0 0 0 0 0 0 0 0 0 0 0 0 0 0 0 0 0 0 0 0 0 0 0 0 0 0 0 0 0 0 0 0 0 0 0 0 0 0 0 0 0 0 0 0 0 0 0 0 0 0 0 0 0 0 0 0 0 0 0 0 0 0 0 0 0 0 0 0 0 0 0 0 0 0 0 0 0 0 0 0 0 0 0 0 0 0 1 
1 0 0 0 0 0 0 0 0 0 0 0 0 0 0 0 0 0 0 0 0 0 0 0 0 0 0 0 0 0 0 0 0 0 0 0 0 0 0 0 0 0 0 0 0 0 0 0 0 0 0 0 0 0 0 0 0 0 0 0 0 0 0 0 0 0 0 0 0 0 0 0 0 0 0 0 0 0 0 0 0 0 0 0 0 0 0 0 0 0 0 0 0 0 0 0 0 0 0 0 
0 0 0 0 0 0 0 0 0 0 0 0 0 0 0 0 0 0 0 0 0 0 0 0 0 0 0 0 0 0 0 0 0 0 0 0 0 0 0 0 0 0 0 0 0 0 0 0 0 0 0 0 0 0 0 0 0 0 0 0 0 0 0 0 0 0 0 0 0 0 0 0 0 0 0 0 0 0 0 0 0 0 0 0 0 0 0 0 0 0 0 0 0 0 0 0 0 0 0 1 
1 0 0 0 0 0 0 0 0 0 0 0 0 0 0 0 0 0 0 0 0 0 0 0 0 0 0 0 0 0 0 0 0 0 0 0 0 0 0 0 0 0 0 0 0 0 0 0 0 0 0 0 0 0 0 0 0 0 0 0 0 0 0 0 0 0 0 0 0 0 0 0 0 0 0 0 0 0 0 0 0 0 0 0 0 0 0 0 0 0 0 0 0 0 0 0 0 0 0 0 
0 0 0 0 0 0 0 0 0 0 0 0 0 0 0 0 0 0 0 0 0 0 0 0 0 0 0 0 0 0 0 0 0 0 0 0 0 0 0 0 0 0 0 0 0 0 0 0 0 0 0 0 0 0 0 0 0 0 0 0 0 0 0 0 0 0 0 0 0 0 0 0 0 0 0 0 0 0 0 0 0 0 0 0 0 0 0 0 0 0 0 0 0 0 0 0 0 0 0 1 
1 0 0 0 0 0 0 0 0 0 0 0 0 0 0 0 0 0 0 0 0 0 0 0 0 0 0 0 0 0 0 0 0 0 0 0 0 0 0 0 0 0 0 0 0 0 0 0 0 0 0 0 0 0 0 0 0 0 0 0 0 0 0 0 0 0 0 0 0 0 0 0 0 0 0 0 0 0 0 0 0 0 0 0 0 0 0 0 0 0 0 0 0 0 0 0 0 0 0 0 
0 0 0 0 0 0 0 0 0 0 0 0 0 0 0 0 0 0 0 0 0 0 0 0 0 0 0 0 0 0 0 0 0 0 0 0 0 0 0 0 0 0 0 0 0 0 0 0 0 0 0 0 0 0 0 0 0 0 0 0 0 0 0 0 0 0 0 0 0 0 0 0 0 0 0 0 0 0 0 0 0 0 0 0 0 0 0 0 0 0 0 0 0 0 0 0 0 0 0 1 
1 0 0 0 0 0 0 0 0 0 0 0 0 0 0 0 0 0 0 0 0 0 0 0 0 0 0 0 0 0 0 0 0 0 0 0 0 0 0 0 0 0 0 0 0 0 0 0 0 0 0 0 0 0 0 0 0 0 0 0 0 0 0 0 0 0 0 0 0 0 0 0 0 0 0 0 0 0 0 0 0 0 0 0 0 0 0 0 0 0 0 0 0 0 0 0 0 0 0 0 
0 0 0 0 0 0 0 0 0 0 0 0 0 0 0 0 0 0 0 0 0 0 0 0 0 0 0 0 0 0 0 0 0 0 0 0 0 0 0 0 0 0 0 0 0 0 0 0 0 0 0 0 0 0 0 0 0 0 0 0 0 0 0 0 0 0 0 0 0 0 0 0 0 0 0 0 0 0 0 0 0 0 0 0 0 0 0 0 0 0 0 0 0 0 0 0 0 0 0 1 
1 0 0 0 0 0 0 0 0 0 0 0 0 0 0 0 0 0 0 0 0 0 0 0 0 0 0 0 0 0 0 0 0 0 0 0 0 0 0 0 0 0 0 0 0 0 0 0 0 0 0 0 0 0 0 0 0 0 0 0 0 0 0 0 0 0 0 0 0 0 0 0 0 0 0 0 0 0 0 0 0 0 0 0 0 0 0 0 0 0 0 0 0 0 0 0 0 0 0 0 
0 0 0 0 0 0 0 0 0 0 0 0 0 0 0 0 0 0 0 0 0 0 0 0 0 0 0 0 0 0 0 0 0 0 0 0 0 0 0 0 0 0 0 0 0 0 0 0 0 0 0 0 0 0 0 0 0 0 0 0 0 0 0 0 0 0 0 0 0 0 0 0 0 0 0 0 0 0 0 0 0 0 0 0 0 0 0 0 0 0 0 0 0 0 0 0 0 0 0 1 
1 0 0 0 0 0 0 0 0 0 0 0 0 0 0 0 0 0 0 0 0 0 0 0 0 0 0 0 0 0 0 0 0 0 0 0 0 0 0 0 0 0 0 0 0 0 0 0 0 0 0 0 0 0 0 0 0 0 0 0 0 0 0 0 0 0 0 0 0 0 0 0 0 0 0 0 0 0 0 0 0 0 0 0 0 0 0 0 0 0 0 0 0 0 0 0 0 0 0 0 
0 0 0 0 0 0 0 0 0 0 0 0 0 0 0 0 0 0 0 0 0 0 0 0 0 0 0 0 0 0 0 0 0 0 0 0 0 0 0 0 0 0 0 0 0 0 0 0 0 0 0 0 0 0 0 0 0 0 0 0 0 0 0 0 0 0 0 0 0 0 0 0 0 0 0 0 0 0 0 0 0 0 0 0 0 0 0 0 0 0 0 0 0 0 0 0 0 0 0 1 
1 0 0 0 0 0 0 0 0 0 0 0 0 0 0 0 0 0 0 0 0 0 0 0 0 0 0 0 0 0 0 0 0 0 0 0 0 0 0 0 0 0 0 0 0 0 0 0 0 0 0 0 0 0 0 0 0 0 0 0 0 0 0 0 0 0 0 0 0 0 0 0 0 0 0 0 0 0 0 0 0 0 0 0 0 0 0 0 0 0 0 0 0 0 0 0 0 0 0 0 
0 0 0 0 0 0 0 0 0 0 0 0 0 0 0 0 0 0 0 0 0 0 0 0 0 0 0 0 0 0 0 0 0 0 0 0 0 0 0 0 0 0 0 0 0 0 0 0 0 0 0 0 0 0 0 0 0 0 0 0 0 0 0 0 0 0 0 0 0 0 0 0 0 0 0 0 0 0 0 0 0 0 0 0 0 0 0 0 0 0 0 0 0 0 0 0 0 0 0 1 
1 0 0 0 0 0 0 0 0 0 0 0 0 0 0 0 0 0 0 0 0 0 0 0 0 0 0 0 0 0 0 0 0 0 0 0 0 0 0 0 0 0 0 0 0 0 0 0 0 0 0 0 0 0 0 0 0 0 0 0 0 0 0 0 0 0 0 0 0 0 0 0 0 0 0 0 0 0 0 0 0 0 0 0 0 0 0 0 0 0 0 0 0 0 0 0 0 0 0 0 
0 0 0 0 0 0 0 0 0 0 0 0 0 0 0 0 0 0 0 0 0 0 0 0 0 0 0 0 0 0 0 0 0 0 0 0 0 0 0 0 0 0 0 0 0 0 0 0 0 0 0 0 0 0 0 0 0 0 0 0 0 0 0 0 0 0 0 0 0 0 0 0 0 0 0 0 0 0 0 0 0 0 0 0 0 0 0 0 0 0 0 0 0 0 0 0 0 0 0 1 
1 0 0 0 0 0 0 0 0 0 0 0 0 0 0 0 0 0 0 0 0 0 0 0 0 0 0 0 0 0 0 0 0 0 0 0 0 0 0 0 0 0 0 0 0 0 0 0 0 0 0 0 0 0 0 0 0 0 0 0 0 0 0 0 0 0 0 0 0 0 0 0 0 0 0 0 0 0 0 0 0 0 0 0 0 0 0 0 0 0 0 0 0 0 0 0 0 0 0 0 
0 0 0 0 0 0 0 0 0 0 0 0 0 0 0 0 0 0 0 0 0 0 0 0 0 0 0 0 0 0 0 0 0 0 0 0 0 0 0 0 0 0 0 0 0 0 0 0 0 0 0 0 0 0 0 0 0 0 0 0 0 0 0 0 0 0 0 0 0 0 0 0 0 0 0 0 0 0 0 0 0 0 0 0 0 0 0 0 0 0 0 0 0 0 0 0 0 0 0 1 
1 0 0 0 0 0 0 0 0 0 0 0 0 0 0 0 0 0 0 0 0 0 0 0 0 0 0 0 0 0 0 0 0 0 0 0 0 0 0 0 0 0 0 0 0 0 0 0 0 0 0 0 0 0 0 0 0 0 0 0 0 0 0 0 0 0 0 0 0 0 0 0 0 0 0 0 0 0 0 0 0 0 0 0 0 0 0 0 0 0 0 0 0 0 0 0 0 0 0 0 
0 0 0 0 0 0 0 0 0 0 0 0 0 0 0 0 0 0 0 0 0 0 0 0 0 0 0 0 0 0 0 0 0 0 0 0 0 0 0 0 0 0 0 0 0 0 0 0 0 0 0 0 0 0 0 0 0 0 0 0 0 0 0 0 0 0 0 0 0 0 0 0 0 0 0 0 0 0 0 0 0 0 0 0 0 0 0 0 0 0 0 0 0 0 0 0 0 0 0 1 
1 0 0 0 0 0 0 0 0 0 0 0 0 0 0 0 0 0 0 0 0 0 0 0 0 0 0 0 0 0 0 0 0 0 0 0 0 0 0 0 0 0 0 0 0 0 0 0 0 0 0 0 0 0 0 0 0 0 0 0 0 0 0 0 0 0 0 0 0 0 0 0 0 0 0 0 0 0 0 0 0 0 0 0 0 0 0 0 0 0 0 0 0 0 0 0 0 0 0 0 
426 575 72 553 958 786 543 998 929 95 639 472 926 645 268 894 576 224 884 26 505 935 979 161 693 348 253 989 396 370 153 613 476 15 482 520 723 381 779 848 92 419 25 865 684 565 527 104 95 211 275 470 534 609 448 808 420 537 596 657 710 425 101 54 682 749 990 441 118 653 512 387 154 471 17 29 222 965 986 400 154 287 312 940 872 838 224 828 712 520 631 105 216 848 398 844 116 488 961 115 
406 386 369 73 194 502 889 732 32 463 540 738 103 332 916 441 72 482 88 583 684 566 566 573 70 213 35 75 184 121 920 587 998 288 654 754 985 512 677 279 43 26 180 176 449 934 449 5 181 701 231 335 650 687 586 744 498 804 189 895 418 923 303 691 633 674 748 194 597 759 882 444 607 475 570 53 539 955 552 21 714 101 699 270 970 575 113 518 469 9 450 746 635 884 274 867 143 806 195 75 
113 924 602 59 499 709 872 794 396 829 846 694 761 780 925 69 698 170 108 708 738 475 113 979 310 30 331 906 122 244 836 92 882 352 165 323 127 456 167 828 376 457 182 92 838 736 581 103 742 808 491 989 10 104 700 614 383 838 335 380 195 485 795 495 494 312 28 884 87 18 199 585 259 211 863 417 572 631 205 649 213 590 545 721 272 352 135 328 679 826 554 997 762 532 970 751 110 558 624 552 
68 240 703 989 750 906 986 866 86 882 307 710 473 584 187 907 10 385 959 150 926 483 558 80 889 12 318 805 373 447 748 831 470 628 997 42 17 97 483 749 597 99 593 587 249 128 399 466 308 110 836 10 663 392 463 217 16 193 267 563 708 31 896 728 178 684 946 502 408 219 980 320 353 449 573 746 97 955 738 885 77 624 617 807 276 570 835 539 329 481 903 720 446 773 736 812 842 269 177 770 
1 378 380 707 628 662 750 17 86 554 486 658 919 411 855 298 143 807 831 829 538 171 427 937 928 346 186 509 305 155 447 24 603 623 244 431 988 936 238 256 905 377 163 232 95 804 883 442 849 131 989 814 330 575 539 549 478 190 965 374 476 757 72 259 394 813 60 28 984 626 920 158 402 973 374 8 152 473 53 101 386 109 661 472 506 117 766 118 248 596 329 917 667 215 786 163 501 320 971 535 
138 558 720 973 107 132 888 305 781 770 388 321 723 817 5 255 218 633 929 558 309 284 949 649 750 334 572 332 43 649 318 85 495 852 769 686 688 932 750 930 341 234 990 120 310 863 278 537 312 390 792 566 313 169 133 547 892 911 578 458 558 319 902 640 736 488 365 341 773 234 665 869 36 505 422 303 327 133 437 167 655 594 268 1 948 513 203 915 781 619 596 128 462 371 21 839 899 691 511 712 
693 244 936 867 895 716 648 365 203 648 756 990 404 703 714 289 697 137 80 909 800 536 509 306 4 296 140 145 342 751 323 842 475 61 139 250 8 984 621 934 204 137 284 421 390 152 312 246 222 387 430 912 341 432 978 762 732 403 455 367 593 819 940 760 598 733 181 517 377 962 796 77 904 262 382 144 37 456 846 457 366 519 583 839 517 240 700 145 579 943 533 634 46 858 187 384 589 174 834 172 
213 782 564 984 354 31 41 160 699 364 104 352 791 665 334 38 440 545 305 813 147 939 934 884 380 250 764 978 512 269 523 478 85 186 782 346 765 965 588 108 336 328 733 467 195 755 497 645 467 311 546 712 787 755 695 397 262 467 603 583 136 593 660 271 124 753 655 26 39 787 487 639 645 700 536 493 595 213 326 21 603 16 442 65 307 974 354 947 742 499 435 359 314 581 172 718 207 74 146 215 
468 655 902 623 541 540 66 948 233 166 566 588 124 26 837 653 300 576 624 19 122 654 424 790 38 572 684 19 198 119 963 922 354 970 825 141 754 11 273 642 230 272 667 921 661 271 166 881 850 676 847 90 75 672 276 397 950 377 732 577 459 858 732 91 36 301 245 174 988 367 724 627 863 219 457 956 799 537 965 784 411 903 330 378 619 933 273 985 9 789 681 430 111 640 430 894 401 845 415 331 
450 682 702 79 873 245 406 286 257 955 177 223 624 28 164 98 435 147 359 418 166 79 61 996 466 976 255 515 722 324 947 306 463 757 623 658 703 80 538 182 881 234 995 223 931 793 969 451 651 54 583 909 326 21 26 225 867 936 941 88 340 969 89 217 682 778 192 677 899 603 878 503 525 659 812 342 54 279 654 13 893 429 152 883 34 13 290 201 42 504 54 475 266 548 981 388 74 925 988 2 
847 915 293 559 415 992 758 172 877 215 834 975 800 768 124 446 481 592 562 302 954 295 617 275 77 847 400 23 310 993 116 651 852 157 136 759 995 119 133 721 234 948 571 630 764 502 314 604 766 639 611 534 493 890 705 402 852 661 333 719 398 329 397 402 686 118 589 157 985 183 882 88 439 624 563 455 891 563 955 515 911 382 704 257 89 478 207 628 677 128 171 785 752 465 626 920 730 786 520 595 
909 25 118 9 227 913 10 559 160 12 137 594 447 534 90 91 694 162 577 125 101 365 304 931 161 588 545 963 75 93 301 459 96 552 960 701 275 520 333 33 260 258 594 289 288 352 566 374 172 329 55 378 98 623 73 748 477 902 292 772 442 891 885 505 889 553 711 151 103 926 130 639 296 978 272 207 204 978 93 917 162 728 546 510 860 604 380 21 421 299 960 521 379 688 241 355 372 155 348 393 
444 508 709 569 226 460 773 409 575 186 520 629 239 95 136 909 838 582 967 844 449 344 255 439 299 916 945 289 924 565 63 695 999 322 574 387 412 212 928 594 13 20 305 126 77 828 569 53 989 822 43 390 924 990 534 107 574 939 113 825 904 191 126 289 775 523 640 35 41 840 927 282 274 905 685 762 929 75 64 657 749 787 6 762 354 494 79 552 983 747 725 289 936 57 364 561 530 915 216 748 
713 792 708 84 363 104 517 13 566 536 918 880 327 681 840 681 53 299 29 395 54 690 523 605 805 701 104 118 839 380 506 192 841 232 780 937 992 865 153 911 921 872 929 999 728 469 13 514 309 1 543 77 122 858 110 669 433 406 20 700 634 477 930 618 88 721 297 868 291 658 720 568 206 249 140 138 699 516 281 13 259 9 534 847 239 266 169 793 311 613 296 547 838 200 189 665 646 105 447 399 
586 413 250 336 320 149 977 40 485 728 948 384 577 269 130 411 731 212 504 9 715 934 995 510 472 432 826 673 97 880 343 272 249 800 250 926 978 810 460 320 697 848 694 330 93 702 176 764 910 179 897 1 147 379 284 116 380 191 924 980 695 616 379 469 522 560 117 843 331 203 617 459 720 284 681 325 37 100 463 962 441 769 488 939 454 41 474 288 70 971 382 809 641 607 251 116 499 119 963 505 
259 760 986 610 320 930 304 135 118 45 684 660 143 585 684 908 268 667 745 457 406 721 697 244 93 982 568 300 687 844 608 557 289 367 334 93 251 377 186 678 853 302 590 880 451 319 212 383 534 719 563 134 140 517 906 59 163 176 554 902 901 29 274 133 970 99 747 570 794 10 352 468 20 349 553 525 151 49 776 465 451 55 44 909 328 582 609 853 629 759 76 5 89 638 677 458 530 381 775 389 
700 718 705 926 311 815 340 277 955 619 878 980 559 770 26 761 240 383 160 382 941 442 470 669 672 66 151 959 253 614 531 685 898 680 651 873 317 784 282 118 304 508 717 960 649 99 398 96 628 853 504 816 499 445 943 686 578 93 758 476 67 870 715 381 958 758 26 332 522 560 971 762 464 461 621 382 79 928 636 913 917 971 459 635 383 655 98 405 121 164 800 780 95 286 294 974 698 941 46 870 
236 302 175 181 17 679 442 147 386 797 682 18 606 969 516 107 769 377 325 843 788 89 502 238 690 203 90 346 821 864 252 773 779 161 728 15 298 146 195 190 989 744 262 226 831 671 654 30 952 338 588 541 582 278 118 181 482 695 350 767 481 749 67 274 937 920 65 938 283 669 942 107 898 148 540 153 497 910 517 900 889 846 476 630 936 938 840 700 413 322 36 824 373 639 469 459 350 909 722 367 
122 777 364 478 842 352 990 872 247 6 33 744 385 333 979 578 822 642 350 783 277 65 987 85 196 2 161 867 748 572 353 793 517 889 129 859 892 871 238 311 568 502 276 135 209 355 684 751 522 451 889 77 931 126 106 109 548 614 849 405 584 980 692 335 510 660 238 197 750 555 884 353 50 700 61 712 698 420 477 213 898 571 753 318 720 156 895 928 278 446 425 838 596 748 210 777 819 281 167 590 
457 710 853 970 451 686 141 857 159 933 27 645 59 686 527 264 579 625 693 586 589 923 980 633 661 869 530 119 126 238 14 77 61 518 304 498 945 68 82 338 477 27 461 201 200 511 144 817 507 382 536 863 9 901 471 901 159 991 418 21 779 899 820 766 889 940 771 773 749 583 554 392 251 910 815 886 721 930 817 843 562 433 763 31 255 613 463 7 473 998 681 771 927 565 83 113 31 87 588 175 
211 158 579 341 96 521 561 527 669 198 387 580 939 385 219 109 856 771 807 683 254 331 772 991 124 342 280 140 133 64 388 623 415 564 507 766 624 440 707 452 716 410 787 874 424 247 14 583 633 296 439 819 726 490 741 628 138 885 724 80 574 553 177 938 404 494 199 539 357 944 899 228 486 355 712 38 513 316 864 38 639 661 497 930 754 259 3 326 96 410 453 655 81 779 87 140 471 669 566 113 
400 906 643 302 981 755 775 94 201 703 148 244 707 629 858 961 53 409 221 269 939 31 411 964 298 869 776 969 71 554 529 495 919 530 936 760 642 925 278 202 552 643 685 474 904 374 303 656 335 812 689 276 659 464 432 532 376 902 153 238 276 323 528 983 991 813 750 180 224 67 126 631 813 936 808 811 377 336 61 276 168 923 506 22 964 72 309 129 45 85 708 488 347 183 323 351 47 827 66 26 
710 974 568 45 879 237 591 427 733 727 866 146 904 219 355 172 79 283 712 221 76 10 291 660 40 669 125 429 12 142 919 403 386 582 652 321 734 225 488 418 99 350 396 546 56 882 101 697 187 361 341 97 852 638 846 493 457 705 237 982 921 676 538 541 896 718 565 155 807 500 260 24 673 507 490 744 120 583 776 549 600 808 296 714 804 654 558 636 329 372 284 950 469 689 354 434 326 701 501 584 
303 44 537 704 705 603 324 777 203 332 666 450 610 543 44 918 822 685 205 940 557 113 97 476 756 286 984 818 737 907 693 317 731 408 154 453 113 614 957 375 616 618 587 658 427 620 833 27 67 561 830 457 626 868 190 934 162 821 940 459 670 853 131 543 877 625 284 121 94 657 956 513 429 886 62 24 282 671 593 605 630 500 628 869 713 847 431 84 67 846 415 178 695 815 320 837 195 561 664 817 
49 400 676 223 154 281 46 349 16 193 681 392 38 47 538 812 632 119 788 659 858 889 561 476 671 284 691 416 100 685 148 614 556 158 642 633 196 892 151 259 867 271 425 3 875 162 906 632 949 590 102 900 538 94 97 767 591 946 774 177 411 865 88 30 660 147 135 359 498 270 867 850 558 726 524 100 950 408 895 565 467 761 761 958 859 437 704 644 573 38 329 117 974 312 58 857 708 675 739 465 
766 717 796 539 453 405 330 868 918 844 383 381 180 4 880 583 661 311 45 733 716 974 214 786 122 224 376 868 999 924 254 625 484 143 234 552 202 176 922 964 815 583 149 293 609 84 232 27 981 593 257 447 981 788 88 443 897 53 394 292 271 797 409 941 905 117 582 939 365 943 6 232 64 181 987 368 737 603 908 142 401 785 256 604 495 660 842 946 881 577 344 357 800 700 794 30 566 491 387 291 
896 468 323 175 724 155 296 293 462 699 826 411 475 336 195 398 2 309 284 604 840 40 44 713 947 763 183 322 239 634 422 751 577 702 352 700 439 470 523 796 948 98 321 140 464 478 868 942 494 426 9 240 875 394 629 776 774 123 627 18 216 976 712 618 840 298 649 275 87 829 128 614 649 414 456 48 209 803 454 413 681 561 336 328 557 709 114 243 166 453 674 304 880 574 828 580 762 78 847 29 
541 402 429 49 465 942 187 686 303 252 448 241 908 353 913 910 403 42 411 245 98 152 194 915 391 424 829 604 663 549 678 254 295 210 745 981 500 567 11 182 827 351 102 465 510 626 343 462 156 979 499 268 405 564 918 538 305 204 290 611 346 948 460 189 189 344 334 446 470 879 530 876 212 897 913 100 901 678 69 818 181 376 856 369 63 164 725 281 40 789 177 184 227 321 861 852 3 322 493 932 
148 821 353 478 417 353 728 568 504 588 141 889 789 491 796 773 605 243 190 226 300 645 172 94 912 541 505 201 714 390 149 441 215 565 33 545 807 749 362 283 727 866 75 596 217 451 195 906 894 535 345 701 465 478 905 572 606 277 749 324 468 934 581 643 651 583 369 860 741 927 256 818 622 975 933 601 152 131 112 362 146 153 822 280 235 153 177 967 183 701 381 100 835 41 693 982 308 320 129 68 
896 733 765 573 30 35 7 526 162 183 966 899 914 549 210 510 65 518 516 712 969 309 887 633 875 417 665 412 860 559 474 269 549 787 379 150 92 703 741 976 117 362 455 347 885 617 518 555 775 89 736 547 780 793 198 684 925 175 873 377 46 830 359 68 348 369 130 910 9 99 272 53 102 571 298 849 316 586 687 223 47 83 822 180 477 680 325 323 477 691 638 444 773 975 591 292 447 601 478 13 
868 172 76 658 288 791 752 13 66 928 964 807 512 400 692 794 845 931 717 157 246 777 789 862 901 416 941 698 286 896 7 6 668 836 477 25 582 417 225 653 496 106 425 453 222 899 386 839 370 742 428 640 426 48 908 668 475 922 856 690 853 241 551 360 194 985 591 309 427 168 912 626 991 409 650 7 192 673 902 796 604 524 926 357 571 298 425 107 66 618 513 403 478 764 866 121 759 680 240 408 
173 337 177 821 345 233 165 870 112 255 126 253 225 308 187 9 534 992 374 186 267 630 239 546 384 593 608 945 545 252 589 846 931 720 601 55 889 764 255 340 389 378 715 238 901 419 312 39 194 145 684 424 166 145 195 21 607 394 809 637 222 417 104 322 124 560 375 618 817 628 169 753 784 919 515 705 560 728 514 265 55 447 770 136 679 200 918 298 287 476 834 972 267 405 561 440 779 76 236 267 
637 666 106 319 540 308 338 686 533 933 949 750 62 685 873 628 444 96 533 594 426 746 857 322 515 341 861 554 728 580 270 546 265 431 274 588 479 357 423 656 727 471 907 772 640 518 595 941 400 205 949 786 194 96 912 191 38 558 485 508 483 145 147 462 254 336 81 23 971 596 551 255 175 676 292 343 14 258 349 490 968 830 200 836 821 171 343 381 274 33 554 203 907 879 674 935 87 244 923 108 
365 286 395 872 8 271 707 982 928 183 513 974 767 787 285 240 910 167 541 718 674 90 16 633 118 333 460 89 869 737 269 92 9 794 558 534 351 215 587 894 377 91 105 477 322 554 328 295 335 729 962 546 120 867 120 864 923 500 311 950 421 962 457 558 927 254 538 494 859 198 927 507 137 576 480 692 64 771 951 239 247 596 680 375 860 824 574 238 764 667 780 864 142 115 389 925 494 400 497 931 
257 785 464 21 309 237 348 165 454 540 108 179 427 437 371 306 106 847 623 917 892 999 582 690 875 403 221 228 280 992 596 960 809 758 901 317 695 599 250 126 521 401 557 67 293 936 430 17 566 101 458 824 202 393 866 26 703 947 498 474 253 426 650 767 114 232 862 155 875 135 692 56 855 363 349 603 947 482 340 512 897 60 708 753 733 949 608 368 417 522 463 632 718 196 636 312 502 882 759 296 
952 839 555 940 815 934 268 467 760 466 350 916 414 723 858 164 274 555 362 431 91 572 485 760 846 565 999 6 356 759 952 63 757 773 999 315 364 321 718 183 16 978 530 400 417 427 589 456 438 653 790 678 31 369 841 279 545 797 328 569 478 796 117 118 570 699 251 535 281 467 389 605 187 958 984 335 486 261 44 900 473 830 706 730 842 805 733 34 362 994 551 402 748 636 297 795 408 25 465 548 
537 900 230 350 2 418 318 400 973 813 144 78 948 36 50 864 559 109 955 177 712 261 263 579 178 678 787 406 437 369 8 775 915 474 673 935 477 566 820 100 25 359 20 222 293 620 502 668 66 17 948 964 126 26 934 466 90 344 125 653 954 164 533 893 231 408 271 184 81 600 771 362 242 411 859 112 381 409 630 603 562 891 55 560 121 504 880 162 236 575 551 842 452 25 227 168 238 85 569 924 
776 953 730 822 157 242 69 979 704 779 635 774 604 710 610 284 254 826 365 247 815 915 551 535 439 718 941 562 796 228 865 214 789 908 681 321 186 643 969 415 821 156 100 869 927 393 217 36 495 389 23 320 91 298 66 691 45 194 247 361 215 22 176 565 65 532 733 553 549 101 494 282 578 815 155 23 381 235 441 739 882 31 46 348 213 852 234 977 366 193 88 452 984 217 368 17 288 289 923 926 
117 756 483 319 36 703 670 432 680 169 974 505 22 440 341 20 82 542 125 112 479 970 895 398 349 948 815 612 666 236 638 76 56 519 359 533 838 380 874 725 515 7 505 407 360 941 766 382 390 105 792 829 727 117 616 606 352 46 56 563 242 885 388 684 254 359 115 345 63 281 679 823 950 113 886 683 891 543 56 42 290 978 239 34 293 491 343 854 222 21 817 859 80 963 39 329 571 940 711 266 
905 115 899 834 583 17 903 571 957 341 947 623 249 374 522 812 889 291 276 187 551 828 58 988 441 531 567 67 710 254 78 649 280 131 713 165 553 489 487 804 852 738 597 844 959 769 656 116 118 791 572 893 812 186 982 334 691 867 5 495 482 454 879 943 388 373 895 191 508 535 488 803 302 214 880 952 694 990 482 551 286 192 551 294 224 784 584 456 484 717 850 235 691 583 254 848 362 433 445 215 
191 435 786 68 965 436 288 772 583 554 184 143 883 322 748 885 116 372 316 616 804 714 152 786 720 461 580 867 450 832 944 784 488 983 511 230 286 636 564 147 93 166 123 494 223 418 343 140 209 825 627 719 159 753 317 69 991 53 186 503 545 913 801 868 791 349 325 115 793 815 340 119 237 630 689 893 718 201 456 257 951 997 857 115 31 820 11 889 289 977 851 781 551 140 175 454 90 714 253 658 
295 695 998 59 551 792 306 710 500 179 938 541 82 271 857 477 799 218 818 691 969 838 607 589 946 687 353 656 233 914 128 576 388 281 179 699 147 144 684 310 665 499 299 756 657 390 17 897 925 207 827 671 556 786 842 389 767 473 846 972 662 801 880 767 889 586 971 111 897 896 725 197 291 659 605 548 874 937 811 291 995 202 263 573 271 177 795 377 345 347 931 915 603 970 151 317 407 935 931 427 
862 755 102 885 630 845 627 940 257 777 518 20 611 16 321 988 949 382 790 497 736 548 35 237 817 342 748 625 263 49 427 112 7 678 689 291 529 584 952 765 694 381 425 582 747 116 932 668 3 783 301 910 543 770 255 213 282 454 871 187 864 237 133 371 992 504 479 61 183 916 930 82 77 916 222 23 777 312 567 32 204 791 318 149 767 73 228 833 459 290 582 204 404 539 149 834 142 445 500 490 
899 667 12 180 616 154 305 62 966 418 249 61 108 206 259 435 952 961 60 589 279 947 351 938 759 122 261 691 449 678 941 222 574 995 489 14 426 34 701 310 784 886 643 53 571 567 186 845 120 862 648 901 338 274 140 976 81 153 796 469 70 8 999 377 269 218 926 530 126 153 899 217 123 501 888 435 895 608 7 81 900 661 899 473 801 665 368 309 348 289 91 616 141 156 776 898 56 823 403 832 
703 375 148 288 181 949 60 823 956 812 102 193 227 58 778 902 188 791 911 798 197 156 949 406 922 702 461 336 599 544 582 963 659 87 408 535 819 931 33 642 486 916 938 776 675 115 539 718 948 361 525 725 534 569 175 336 707 233 464 119 507 331 765 514 277 789 871 690 11 13 451 381 805 841 548 733 171 37 193 963 583 227 137 854 418 263 629 482 491 415 62 427 463 920 616 297 211 585 317 472 
78 264 999 838 554 963 21 165 220 34 930 596 518 830 311 470 627 407 812 24 970 18 614 681 834 29 17 408 697 197 281 773 124 812 494 149 158 414 82 701 950 274 851 450 462 562 276 900 46 254 416 847 308 250 697 900 464 596 131 628 144 59 383 763 559 325 131 385 566 120 438 283 662 163 120 881 901 581 717 595 561 712 917 86 778 917 223 439 116 73 505 216 194 536 26 304 692 964 985 484 
174 595 797 903 201 458 292 821 781 729 819 420 690 888 56 412 623 199 525 837 238 159 502 75 564 725 374 894 80 415 351 499 162 75 626 274 807 9 454 232 933 856 506 313 976 863 36 423 665 91 661 490 786 175 613 403 960 308 460 651 159 961 246 571 553 787 146 268 253 867 153 248 650 703 683 939 101 4 59 68 656 162 144 582 955 180 418 748 47 87 974 908 725 364 848 514 163 146 529 584 
23 766 105 604 188 785 343 240 87 633 853 724 579 289 13 973 405 301 954 543 888 446 740 729 983 906 125 316 542 669 34 367 616 246 138 706 91 777 534 542 751 392 100 68 365 414 777 61 525 345 360 734 373 60 757 75 34 244 960 734 60 822 454 999 64 284 67 151 178 642 107 589 271 397 165 244 252 259 417 750 912 786 17 86 899 372 924 721 365 148 756 604 21 708 413 171 119 292 333 921 
505 427 821 829 162 652 139 750 500 959 94 257 451 616 843 101 337 656 173 84 756 910 968 488 351 837 227 364 503 906 480 558 977 201 264 927 583 258 308 736 531 482 206 278 629 270 124 57 315 638 560 667 342 784 520 155 4 746 331 88 748 432 90 572 75 660 438 72 1 152 988 851 12 386 748 606 276 280 979 247 839 601 689 332 241 639 464 473 385 264 278 534 449 208 548 18 511 475 534 130 
264 651 893 996 955 244 731 80 723 138 596 754 149 339 859 834 749 532 687 223 204 181 722 68 998 937 707 717 177 831 135 249 761 678 546 146 26 980 282 556 921 755 914 425 179 398 171 909 985 771 68 322 502 754 435 892 329 632 224 487 841 185 309 220 738 76 603 628 41 578 424 672 845 132 788 805 676 827 643 937 650 22 180 126 925 157 820 419 660 99 671 327 711 326 391 124 71 442 283 116 
330 669 426 877 611 874 756 289 942 562 819 839 235 809 869 585 795 873 937 511 286 462 609 303 780 107 557 838 235 214 585 471 490 411 727 837 672 270 577 221 645 778 444 308 84 722 890 30 394 551 586 704 933 822 540 979 998 168 185 202 442 401 520 396 269 489 803 429 611 734 371 343 814 762 721 515 885 451 76 225 327 135 22 20 725 223 154 959 828 338 599 409 827 24 743 726 972 995 895 770 
469 537 640 374 215 408 243 599 300 867 762 519 853 958 48 351 860 725 138 999 185 341 68 41 507 311 592 641 157 9 465 860 629 342 665 440 353 285 899 55 594 884 242 671 102 938 139 287 910 417 860 203 452 3 654 970 700 340 895 499 688 286 597 410 832 733 733 854 513 589 215 192 427 61 36 334 570 157 674 38 953 659 483 230 219 766 295 133 281 567 50 613 123 322 633 701 600 698 186 998 
39 665 63 220 179 32 280 521 354 568 619 176 472 196 804 451 349 157 818 168 702 362 730 654 819 295 507 505 207 234 18 802 941 436 665 229 187 962 285 429 688 332 52 379 109 316 785 534 894 692 287 981 883 179 736 841 287 543 171 991 360 206 726 980 3 508 144 408 644 792 177 111 877 765 532 340 43 979 133 686 809 574 530 257 659 424 179 32 265 953 962 894 987 761 135 811 378 926 297 122 
525 816 861 67 878 155 49 236 37 832 293 207 193 439 500 215 162 524 634 919 408 286 550 477 319 836 162 942 243 324 280 810 810 336 638 413 244 644 549 896 716 495 546 949 493 138 663 456 600 995 847 381 331 418 348 501 924 226 176 498 114 692 907 482 237 375 135 956 714 669 571 755 813 876 644 554 805 25 119 739 767 564 742 241 821 81 960 128 768 894 416 775 312 860 992 15 832 861 49 695 
489 356 478 708 896 627 905 285 839 700 599 744 274 130 777 621 260 981 955 811 621 419 555 204 137 720 611 585 87 469 612 547 235 452 371 203 231 180 675 508 708 832 162 902 862 369 840 370 42 522 209 573 236 108 777 803 451 742 814 108 340 90 747 616 402 349 893 417 955 500 346 465 793 992 957 733 856 913 934 573 683 51 324 668 13 934 736 165 990 503 303 216 954 327 501 968 245 960 998 202 
431 135 943 282 894 879 936 165 397 120 287 550 618 739 183 539 272 188 820 634 639 690 945 643 2 540 760 115 143 805 157 674 309 569 284 140 706 969 65 73 984 585 325 459 953 819 142 668 39 495 912 895 704 508 672 56 870 467 351 399 519 664 977 48 612 407 324 349 22 835 792 336 612 558 866 586 229 899 229 206 849 839 337 457 645 266 117 235 342 232 874 560 168 859 148 72 850 901 730 640 
418 199 571 272 828 630 274 237 952 892 389 320 508 518 244 558 159 553 315 46 521 664 96 613 619 727 144 750 867 580 648 736 787 218 648 733 241 354 818 712 47 472 453 598 703 249 921 664 598 148 169 870 349 437 158 153 923 229 618 41 694 347 904 484 795 41 156 34 476 821 36 897 908 34 316 78 575 89 145 265 66 645 946 540 82 511 650 31 22 67 836 578 407 561 474 641 339 213 107 777 
491 62 857 523 912 378 548 987 54 323 263 100 521 945 557 309 90 929 524 153 418 76 444 420 498 23 381 385 617 642 503 556 55 666 865 321 721 711 628 861 928 595 480 687 569 399 464 905 494 428 438 52 848 979 910 586 596 746 81 652 482 222 623 947 81 385 874 384 469 177 326 647 868 788 906 880 257 712 449 758 111 198 333 329 551 155 736 690 445 277 902 992 312 479 51 976 355 374 267 331 
853 239 144 883 624 782 53 121 148 263 213 869 650 589 187 998 79 406 159 208 387 190 473 596 696 450 257 16 390 244 32 103 126 411 66 48 978 541 808 11 808 931 110 593 669 763 872 418 329 285 49 84 79 539 295 232 203 579 363 846 179 824 429 73 708 51 177 939 515 716 593 174 577 709 841 47 625 886 571 125 924 46 497 607 462 407 20 526 985 688 768 768 9 952 79 289 559 189 216 531 
946 507 860 558 460 422 837 424 957 72 757 938 986 889 691 429 53 483 510 991 43 118 79 524 424 725 392 990 315 364 399 592 845 791 175 188 746 660 924 90 752 20 459 760 675 851 65 324 835 65 374 85 4 106 35 481 972 621 554 542 155 300 723 591 542 919 934 193 755 962 393 23 944 296 53 850 412 101 585 622 446 519 469 949 26 872 485 16 100 514 845 682 62 280 22 692 915 775 688 292 
703 351 31 285 248 419 941 959 154 66 42 262 237 140 603 410 354 674 45 429 947 7 427 422 903 271 475 746 851 411 357 437 144 120 10 311 398 985 875 850 625 633 209 546 628 906 898 496 834 299 112 411 771 464 87 272 626 21 13 58 162 293 920 741 117 954 571 190 210 571 351 163 483 641 953 8 505 657 497 989 674 906 825 690 671 270 819 586 735 159 581 180 104 335 438 850 721 358 906 361 
519 828 31 865 557 284 532 620 56 580 935 327 575 75 535 394 62 349 310 35 868 146 920 621 739 516 239 610 236 936 350 589 563 392 521 329 903 945 853 269 21 85 740 516 855 613 236 740 773 32 285 528 923 96 324 130 110 254 744 200 385 254 343 31 175 944 384 391 898 563 761 648 181 338 490 286 190 676 614 169 607 477 202 528 1 863 738 480 561 294 592 370 306 754 906 494 173 662 291 516 
182 356 420 589 615 426 868 379 638 287 378 205 333 896 173 669 221 434 900 572 609 149 546 873 661 659 956 320 727 843 729 189 74 837 165 282 83 616 45 786 24 544 624 44 768 586 25 484 438 857 360 836 362 69 833 906 144 880 172 891 278 604 406 691 217 194 621 861 922 820 826 11 885 523 184 779 429 332 267 583 30 652 638 414 784 857 300 827 310 833 995 644 789 798 799 142 883 914 366 947 
138 579 92 390 317 889 878 999 660 83 733 394 134 427 86 528 375 648 518 615 61 680 288 947 238 240 253 635 938 404 334 648 934 564 379 733 971 609 754 67 933 964 349 438 774 860 781 125 245 649 322 912 290 716 169 119 565 164 342 26 286 515 490 675 417 553 22 177 981 372 72 759 786 11 664 636 665 764 880 54 480 733 868 497 523 665 758 679 328 323 95 831 715 689 926 940 864 654 904 341 
571 993 864 8 16 222 796 871 548 473 473 666 188 987 355 213 822 952 394 624 497 110 767 417 364 95 384 658 747 606 42 127 881 803 383 305 144 500 450 704 366 767 236 895 236 799 490 453 275 169 779 955 127 64 754 44 448 982 641 543 903 15 473 993 940 547 101 485 540 453 471 70 849 824 371 511 146 215 852 702 431 239 415 171 561 988 461 696 177 791 158 447 32 66 571 252 538 774 769 593 
222 529 786 685 902 557 191 875 794 829 139 745 77 928 309 805 391 568 774 217 776 232 729 43 730 811 381 592 93 675 159 272 219 749 548 592 594 447 110 94 970 82 53 663 522 588 624 449 831 889 630 312 409 50 725 151 915 168 655 620 329 719 996 554 589 295 707 852 39 299 715 864 324 672 200 211 189 711 201 222 367 897 18 607 533 629 2 557 186 780 616 39 445 618 316 553 115 295 770 348 
199 766 688 997 201 69 784 699 187 440 607 393 141 619 388 273 827 932 425 108 98 623 434 437 147 180 132 449 405 336 989 478 11 829 649 909 971 15 123 672 310 542 473 795 735 305 193 883 717 913 761 774 18 158 593 966 315 958 241 79 400 422 601 650 400 614 726 357 396 999 307 233 22 562 477 409 1 340 986 211 443 940 925 763 166 943 350 403 646 79 934 817 371 260 913 678 937 281 446 861 
923 666 958 766 144 529 84 468 412 802 530 20 185 834 152 468 759 524 983 483 89 692 540 925 226 136 870 273 381 972 800 690 459 562 633 3 692 838 343 856 466 58 824 786 614 685 635 268 544 207 826 745 259 620 585 326 723 226 907 846 829 872 628 893 41 883 422 309 975 449 996 376 732 451 226 511 691 67 574 494 112 87 244 702 515 931 781 564 711 399 132 704 666 562 320 376 300 594 565 359 
271 776 406 481 572 309 446 117 408 787 662 112 164 865 393 775 679 238 681 915 264 444 223 135 926 930 418 739 815 141 544 37 751 219 875 677 884 444 202 437 916 468 547 226 187 731 775 561 632 87 391 825 856 179 944 569 51 384 933 690 675 215 943 118 441 374 543 537 399 884 342 542 96 348 735 522 298 471 444 134 642 100 643 318 149 884 657 962 781 41 589 849 515 408 474 900 988 430 515 474 
861 753 749 345 590 791 53 750 527 389 125 838 581 180 315 207 494 775 879 801 849 512 355 924 53 622 205 60 35 862 728 15 587 721 34 129 682 739 961 178 869 120 875 568 614 578 349 261 405 293 283 20 396 669 735 22 375 408 514 605 804 150 454 969 411 417 87 521 898 709 595 669 144 434 62 487 741 668 723 316 678 662 152 297 313 272 670 497 404 590 977 306 759 773 691 404 331 420 350 920 
642 458 358 685 245 221 896 112 113 830 146 612 76 796 833 536 352 149 884 605 352 536 127 384 749 815 200 776 348 827 207 236 222 756 779 807 744 421 988 571 52 869 590 105 123 899 554 858 237 835 551 436 118 29 416 856 212 449 142 284 963 622 190 240 524 129 277 619 745 183 459 497 576 30 319 544 253 427 923 927 740 913 8 773 553 625 48 492 602 266 769 845 865 811 228 84 901 563 859 932 
689 682 656 807 195 948 312 267 699 735 45 922 888 319 39 847 429 305 308 201 408 782 752 291 873 44 409 857 167 150 584 952 355 974 992 254 40 472 584 448 994 812 510 581 251 555 396 957 351 74 502 29 309 689 832 568 605 721 606 718 494 872 391 954 18 140 523 15 154 863 375 948 362 536 718 583 108 734 688 879 853 982 483 377 875 650 212 776 736 337 372 658 267 460 285 19 472 422 69 925 
673 155 479 169 147 617 753 420 551 451 400 449 569 537 388 509 549 884 769 624 926 121 968 995 743 259 579 438 638 549 961 12 38 873 330 791 413 467 322 86 589 295 865 431 972 936 974 470 504 134 537 583 657 917 797 886 197 269 58 583 228 723 897 803 74 92 216 843 901 750 682 50 50 274 176 350 837 845 571 762 874 133 732 730 747 830 119 336 748 661 99 318 805 386 816 838 125 523 97 446 
91 465 621 518 496 883 91 877 790 885 938 746 316 468 763 27 175 629 764 449 85 334 527 881 188 101 921 786 751 537 147 933 828 416 723 250 68 419 25 411 423 56 278 583 355 377 631 562 883 532 516 238 175 896 432 23 987 451 846 166 352 231 585 88 326 878 954 514 77 709 419 577 567 154 894 829 520 623 59 777 45 739 945 370 158 22 310 176 468 88 975 314 626 528 826 705 815 712 981 473 
499 745 532 589 780 573 741 396 666 896 987 708 843 461 638 995 350 84 451 576 418 799 487 314 973 71 918 732 534 359 243 269 227 985 142 676 437 403 849 877 358 739 208 458 189 866 692 730 866 690 491 751 328 412 653 341 156 156 708 467 997 164 999 977 370 363 549 683 181 721 242 269 352 686 406 541 346 522 944 694 950 835 366 212 8 305 928 991 722 3 9 554 759 264 622 508 31 353 647 252 
420 192 175 276 81 69 53 756 376 29 159 514 454 366 437 513 240 764 822 720 909 347 251 120 491 243 681 846 417 265 816 252 471 911 265 803 985 487 663 942 341 307 349 449 615 34 854 955 573 226 400 108 236 703 104 85 233 226 970 396 678 538 643 170 552 68 814 862 279 75 497 664 281 489 216 876 138 482 814 498 994 921 196 976 616 336 417 477 838 143 250 602 419 69 307 604 773 439 308 638 
383 410 660 93 893 455 352 755 274 506 491 346 75 692 11 32 569 897 167 640 720 36 870 579 497 232 659 178 972 451 237 850 970 551 178 72 646 884 337 194 627 942 300 836 101 558 238 75 536 802 292 743 509 494 693 582 162 597 358 521 766 18 836 984 817 844 315 993 279 18 753 933 683 168 87 913 797 632 827 886 860 678 654 167 597 10 206 331 381 107 183 276 388 561 843 419 255 680 205 246 
390 145 284 1 506 477 955 308 536 449 60 809 436 989 911 185 856 61 922 200 99 80 223 570 990 783 446 356 150 479 990 337 71 746 141 116 555 205 469 136 75 895 82 884 178 173 781 274 832 358 521 643 619 805 246 550 421 343 848 836 765 498 98 905 751 268 536 245 116 341 888 253 374 672 691 649 157 917 959 249 109 820 10 394 395 682 687 343 365 743 309 433 716 418 910 664 159 103 801 493 
6 707 345 986 388 545 446 111 406 115 545 467 429 189 72 450 218 690 484 367 811 191 199 126 836 448 293 936 852 876 864 866 292 62 960 213 613 823 769 481 105 139 826 881 837 892 840 532 100 784 295 131 571 16 847 876 663 678 228 7 630 461 737 377 891 209 717 663 923 619 757 89 308 568 341 828 608 273 419 75 552 942 517 567 994 642 815 678 438 358 998 509 918 634 844 414 735 749 116 166 
576 615 15 387 185 441 234 3 872 943 423 938 680 999 159 518 332 919 542 860 877 979 916 994 153 72 49 494 218 960 77 933 248 497 342 643 641 824 779 573 44 934 270 969 305 235 212 989 824 613 993 307 426 475 63 596 361 7 379 256 697 917 419 964 934 447 431 328 768 276 57 898 688 74 334 278 270 89 270 419 36 545 367 211 717 727 238 136 930 35 751 845 669 987 491 500 127 589 125 77 
826 107 641 122 411 615 842 493 64 597 704 458 195 894 291 466 395 964 349 603 916 626 386 124 559 315 900 526 785 771 555 697 430 656 741 344 403 266 521 168 682 935 924 723 215 673 275 304 425 444 86 259 694 338 650 514 785 843 153 989 410 621 8 543 304 801 488 142 103 276 664 167 468 882 175 389 560 431 595 544 446 581 519 492 805 700 145 563 718 384 949 875 314 617 604 766 833 638 649 476 
240 789 825 637 342 222 847 996 808 384 677 561 214 395 278 459 54 32 820 292 883 313 240 114 893 996 335 184 713 362 406 539 575 14 816 808 730 586 79 135 199 331 342 569 239 373 20 656 923 139 37 235 679 855 87 981 636 719 55 781 266 610 955 429 445 161 416 658 333 612 833 331 442 466 567 860 764 807 387 59 686 506 92 129 438 397 974 862 876 972 503 108 580 57 267 173 143 976 133 993 
571 922 840 229 89 73 942 290 968 708 853 828 949 599 809 164 590 572 995 345 541 840 307 25 447 412 478 292 958 163 400 969 132 534 195 691 457 140 957 521 355 147 797 7 332 866 764 713 771 64 408 22 509 534 42 321 855 951 671 742 368 774 799 424 668 287 34 220 818 870 950 964 367 782 887 446 461 12 709 682 966 470 807 3 126 823 775 704 544 797 124 224 843 880 457 245 302 255 228 555 
854 942 204 633 749 535 365 70 779 411 178 684 659 468 120 290 862 529 734 510 832 420 847 729 533 290 879 432 827 157 413 865 533 238 543 214 165 843 116 767 397 947 918 602 428 731 623 325 746 556 732 658 377 256 167 54 598 669 243 995 578 896 713 594 96 938 365 559 812 103 361 472 341 683 746 852 105 465 359 750 761 274 373 15 52 210 553 645 949 476 434 152 38 290 165 15 55 437 325 749 
453 497 790 182 820 942 792 675 385 969 997 844 447 968 936 162 476 804 936 193 946 404 951 943 204 150 176 419 407 402 449 904 316 209 934 568 486 275 483 491 433 70 823 598 501 232 614 564 106 902 299 619 910 809 839 536 721 579 607 755 188 367 41 847 220 137 140 249 144 507 351 523 819 769 9 257 397 175 531 871 649 852 166 590 630 204 356 997 499 779 869 746 218 262 723 937 919 274 288 245 
266 394 677 357 698 888 447 842 750 391 401 892 650 150 767 560 85 852 675 853 180 762 342 59 910 404 588 464 484 603 172 498 716 648 867 618 760 643 758 860 393 865 590 395 395 546 731 573 2 917 450 991 595 7 398 629 263 397 450 925 489 643 464 709 709 872 341 25 577 780 374 113 347 143 622 799 699 529 111 672 106 942 839 225 891 892 748 729 46 494 650 190 215 980 466 699 383 121 600 422 
153 927 392 663 381 801 252 315 272 677 394 440 890 490 844 18 760 777 368 136 225 151 115 629 278 368 325 934 894 246 248 580 136 809 825 690 565 47 703 879 710 542 423 727 639 954 229 762 282 997 923 687 374 193 656 12 800 893 874 862 713 867 429 873 95 96 838 746 596 379 750 114 793 665 859 95 838 809 899 645 775 510 624 663 910 303 116 402 735 403 975 807 575 688 293 285 490 106 439 145 
674 324 528 66 802 986 269 26 859 70 470 895 730 751 109 836 787 279 34 779 323 534 856 873 68 471 95 294 375 582 716 981 3 394 342 126 871 269 320 973 732 991 71 776 625 282 260 816 259 480 603 81 793 182 260 91 581 729 57 780 809 612 924 534 281 139 645 558 202 877 793 189 600 24 269 561 228 778 984 591 512 431 395 298 981 138 786 850 316 397 326 397 326 607 592 380 84 89 983 818 
362 331 36 504 270 432 86 501 507 811 239 82 280 791 400 690 5 171 384 895 680 393 645 118 47 435 456 558 690 6 264 608 253 19 179 80 624 268 497 770 22 841 298 61 871 764 432 461 415 678 654 417 144 519 876 108 29 767 117 977 71 678 21 693 578 440 197 798 954 482 655 876 763 568 865 628 450 725 358 851 314 809 465 321 771 150 767 880 275 825 126 993 885 872 539 209 479 882 266 193 
853 819 876 864 232 623 959 378 26 992 26 272 480 856 41 424 524 411 165 220 652 96 617 981 90 482 258 32 755 603 585 878 765 824 318 856 932 80 793 775 704 989 171 283 739 420 978 408 362 693 65 574 220 7 406 609 530 174 491 551 981 507 621 377 405 786 733 260 820 560 27 405 371 507 94 457 377 972 428 141 394 388 921 8 15 133 28 17 603 119 128 453 496 107 671 38 513 515 480 280 
324 593 418 877 187 518 966 814 197 196 74 573 992 660 826 672 822 83 531 92 152 671 645 888 856 607 268 309 614 894 605 256 162 859 287 694 926 998 875 285 65 868 692 337 356 591 64 88 287 633 119 631 757 962 533 469 185 549 480 993 860 870 339 31 741 708 652 398 322 641 627 5 381 221 662 334 789 80 988 954 258 543 39 348 937 743 598 98 365 555 519 848 155 52 200 693 497 533 190 87 
371 49 162 259 309 870 769 990 118 239 983 672 192 306 512 624 487 985 121 647 35 219 612 887 48 432 845 230 101 114 424 900 207 288 719 634 820 782 808 972 379 141 464 887 983 206 913 69 283 305 171 752 987 535 346 154 387 798 357 529 579 463 203 502 504 701 788 135 177 939 356 132 840 910 497 505 501 408 828 153 77 444 890 833 902 326 742 356 830 58 140 881 82 866 68 332 756 270 606 810 
535 194 27 185 234 435 653 319 431 373 84 490 506 146 580 728 392 41 451 682 303 826 529 141 492 981 380 460 649 233 789 417 565 979 931 197 371 592 904 917 572 7 499 891 183 206 111 525 660 589 161 614 999 679 593 451 850 47 896 495 867 817 891 690 594 182 465 666 510 647 416 808 540 723 205 375 753 82 989 258 285 670 961 225 209 352 943 132 496 266 668 357 876 236 840 576 935 896 695 540 
670 326 14 807 509 85 681 350 33 953 845 12 803 698 480 446 809 478 859 846 885 710 107 844 514 496 303 950 576 472 841 273 35 33 942 375 84 512 204 947 516 216 598 557 424 543 16 419 26 402 283 430 360 556 529 338 360 339 741 464 199 714 912 680 526 610 588 494 56 132 862 66 250 555 111 827 63 823 247 803 291 405 143 67 212 431 559 168 829 135 336 274 304 979 554 98 217 719 362 621 
441 547 13 953 142 293 239 673 986 616 258 149 769 413 525 834 696 68 600 376 82 624 656 490 494 552 654 484 628 972 393 490 532 485 578 448 408 70 753 685 337 719 572 282 37 150 47 704 748 493 882 893 821 915 962 49 843 905 849 706 838 854 822 556 818 900 40 544 180 914 422 503 946 300 906 257 774 449 230 937 87 694 833 227 710 707 675 798 314 815 375 332 512 293 747 846 647 557 342 202 
187 68 223 139 947 435 385 794 4 27 614 361 586 508 210 414 145 537 609 507 288 257 257 570 291 829 768 53 405 496 260 514 659 375 289 251 201 413 454 430 248 156 613 747 778 718 80 110 67 381 535 242 919 819 540 351 396 887 494 999 380 105 750 496 749 962 123 995 520 92 142 412 252 736 684 657 567 89 762 877 713 104 346 459 959 897 282 511 877 193 346 780 954 926 605 853 915 799 146 240 
182 164 839 303 547 335 632 226 852 151 426 55 800 747 702 919 671 461 881 971 931 42 752 36 879 812 903 191 670 820 615 654 604 921 441 237 224 582 704 138 334 834 514 153 399 764 412 389 746 267 911 927 572 980 482 983 833 94 982 65 264 782 773 17 348 460 327 543 117 826 946 703 754 801 864 506 934 102 169 476 955 79 661 521 953 887 408 621 952 637 428 361 357 957 182 997 443 125 366 42 
973 743 36 801 701 75 443 290 589 529 297 710 312 921 70 318 927 807 88 653 993 662 613 762 152 596 755 519 278 970 347 722 974 157 399 652 68 386 984 718 585 818 142 32 6 760 257 386 30 137 67 61 476 601 258 10 521 352 825 376 980 857 307 779 837 575 252 483 504 497 88 970 809 429 184 308 106 359 804 992 69 583 738 233 101 374 537 503 64 315 434 537 517 915 294 641 416 626 615 150 
405 551 159 751 903 194 798 123 622 850 535 403 414 324 899 993 250 491 892 697 372 169 594 295 559 699 543 588 145 83 804 901 454 251 34 740 47 683 864 185 215 608 631 671 836 372 430 262 827 107 870 28 164 387 438 808 194 212 857 552 164 750 528 725 698 57 564 780 553 821 768 118 69 738 355 975 240 457 965 531 483 168 221 152 849 407 893 35 844 439 823 501 811 576 395 682 905 935 981 123 
612 627 507 927 16 971 821 404 231 620 433 608 783 991 831 14 275 834 717 834 346 57 769 407 562 431 218 64 8 130 724 425 580 630 218 794 130 600 276 233 267 216 970 590 290 751 426 534 53 344 900 552 321 341 28 244 848 952 132 173 671 191 849 774 254 833 495 994 106 418 240 119 513 506 997 904 891 266 479 398 600 182 431 56 179 558 620 8 87 723 510 458 740 445 205 173 126 651 848 709 
